,Date,Fanduel Odds[ari],Fanduel Odds[buf],Cesears Odds[ari],Cesears Odds[buf],Bet365 Odds[ari],Bet365 Odds[buf],DraftKings Odds[ari],DraftKings Odds[buf],BetMGM Odds[ari],BetMGM Odds[buf]
0,24:8:3:12:36,N/A,N/A,N/A,N/A,3.35,1.34,3.35,1.34,N/A,N/A
1,24:8:6:18:46,N/A,N/A,3.45,1.33,3.35,1.34,3.35,1.34,N/A,N/A
2,24:9:2:10:33,3.00,1.40,3.45,1.33,3.35,1.34,3.35,1.34,N/A,N/A
3,24:9:2:11:53,3.00,1.40,3.45,1.33,3.35,1.34,3.35,1.34,3.30,1.35
4,24:9:2:15:08,3.00,1.40,3.45,1.33,3.35,1.34,3.35,1.34,3.35,1.34
5,24:9:2:16:58,3.00,1.40,3.45,1.33,3.35,1.34,3.35,1.34,3.25,1.36
6,24:9:2:23:18,3.00,1.40,3.45,1.33,3.35,1.34,3.35,1.34,3.30,1.35
7,24:9:3:04:18,3.00,1.40,3.45,1.33,3.35,1.34,3.35,1.34,3.35,1.34
8,24:9:3:04:23,3.00,1.40,3.45,1.33,3.35,1.34,3.35,1.34,3.40,1.34
9,24:9:3:08:18,3.00,1.40,3.45,1.33,3.35,1.34,3.35,1.34,3.35,1.34
10,24:9:3:08:38,3.00,1.40,3.45,1.33,3.35,1.34,3.35,1.34,3.40,1.34
11,24:9:3:08:53,3.00,1.40,3.10,1.39,3.35,1.34,3.35,1.34,3.40,1.34
12,24:9:3:10:21,3.00,1.40,3.10,1.39,3.35,1.34,3.35,1.34,3.35,1.34
13,24:9:3:13:11,3.00,1.40,3.10,1.39,3.35,1.34,3.35,1.34,3.30,1.35
14,24:9:3:16:11,3.20,1.36,3.35,1.34,3.35,1.34,3.35,1.34,3.50,1.32
15,24:9:3:16:16,3.40,1.33,3.65,1.30,3.35,1.34,3.35,1.34,3.60,1.31
16,24:9:3:16:26,3.40,1.33,3.45,1.33,3.35,1.34,3.40,1.33,3.60,1.31
17,24:9:3:22:36,3.40,1.33,3.40,1.34,3.35,1.34,3.40,1.33,3.60,1.31
18,24:9:3:23:16,3.40,1.33,3.35,1.34,3.35,1.34,3.40,1.33,3.60,1.31
19,24:9:4:00:41,3.40,1.33,3.50,1.31,3.35,1.34,3.40,1.33,3.60,1.31
20,24:9:4:02:21,3.40,1.33,3.50,1.31,3.35,1.34,3.40,1.33,3.50,1.32
21,24:9:4:02:26,3.40,1.33,3.50,1.31,3.35,1.34,3.40,1.33,3.60,1.31
22,24:9:4:12:39,3.40,1.33,3.50,1.31,3.35,1.34,3.40,1.33,3.50,1.32
23,24:9:4:13:16,3.40,1.33,3.50,1.31,3.40,1.33,3.40,1.33,3.50,1.32
24,24:9:5:03:12,3.40,1.33,3.40,1.34,3.40,1.33,3.40,1.33,3.40,1.34
25,24:9:5:10:24,3.40,1.33,3.45,1.33,3.40,1.33,3.40,1.33,3.40,1.34
26,24:9:5:10:47,3.40,1.33,3.45,1.33,3.40,1.33,3.40,1.33,3.45,1.33
27,24:9:5:12:36,3.40,1.33,3.35,1.34,3.40,1.33,3.40,1.33,3.45,1.33
28,24:9:5:13:16,3.40,1.33,3.35,1.34,3.40,1.33,3.40,1.33,3.40,1.34
29,24:9:5:14:12,3.40,1.33,3.35,1.34,3.40,1.33,3.40,1.33,3.35,1.34
30,24:9:6:06:36,3.40,1.33,3.35,1.34,3.40,1.33,3.40,1.33,3.40,1.34
31,24:9:6:16:44,3.40,1.33,3.40,1.34,3.40,1.33,3.40,1.33,3.40,1.34
32,24:9:7:03:05,3.40,1.33,3.40,1.34,3.40,1.33,3.40,1.33,3.45,1.33
33,24:9:7:04:38,3.40,1.33,3.40,1.34,3.40,1.33,3.40,1.33,3.40,1.34
34,24:5:15:20:25,3.40,1.33,3.80,1.29,3.40,1.33,3.28,1.35,3.80,1.28
35,24:5:15:20:35,3.40,1.33,3.80,1.29,3.75,1.29,3.28,1.35,3.80,1.28
36,24:5:15:20:50,3.40,1.33,3.70,1.30,3.75,1.29,3.28,1.35,3.80,1.28
37,24:5:15:21:05,3.40,1.33,3.70,1.30,3.75,1.29,3.40,1.33,3.80,1.28
38,24:5:15:23:30,3.40,1.33,3.70,1.30,3.75,1.29,3.50,1.31,3.80,1.28
39,24:5:16:03:55,3.40,1.33,3.70,1.30,3.70,1.29,3.50,1.31,3.80,1.28
40,24:5:16:08:20,3.40,1.33,3.70,1.30,3.70,1.29,3.70,1.29,3.80,1.28
41,24:5:16:08:25,3.40,1.33,3.70,1.30,3.70,1.29,3.50,1.31,3.80,1.28
42,24:5:16:08:30,3.40,1.33,3.70,1.30,3.70,1.29,3.78,1.28,3.80,1.28
43,24:5:16:12:35,3.75,1.29,3.70,1.30,3.70,1.29,3.78,1.28,3.80,1.28
44,24:5:16:12:45,3.75,1.29,3.70,1.30,3.70,1.29,3.70,1.29,3.80,1.28
45,24:5:16:13:15,3.75,1.29,3.65,1.30,3.70,1.29,3.70,1.29,3.80,1.28
46,24:5:16:16:35,3.75,1.29,3.65,1.30,3.70,1.29,3.75,1.28,3.80,1.28
47,24:5:18:08:45,3.75,1.29,3.65,1.30,3.70,1.29,3.70,1.29,3.80,1.28
48,24:5:18:15:10,3.80,1.27,3.65,1.30,3.70,1.29,3.70,1.29,3.80,1.28
49,24:5:30:14:29,3.60,1.29,3.65,1.30,3.70,1.29,3.70,1.29,3.80,1.28
50,24:5:31:12:49,3.60,1.29,3.65,1.30,3.70,1.29,3.60,1.30,3.80,1.28
51,24:6:23:10:43,3.60,1.29,3.65,1.30,3.70,1.29,3.70,1.29,3.80,1.28
52,24:6:24:20:38,3.60,1.29,3.65,1.30,3.70,1.29,3.60,1.30,3.80,1.28
53,24:6:24:20:43,3.60,1.29,3.65,1.30,3.60,1.31,3.60,1.30,3.80,1.28
54,24:6:26:11:25,3.60,1.29,3.65,1.30,3.60,1.31,3.60,1.30,3.85,1.28
55,24:7:10:12:52,3.60,1.29,3.65,1.30,3.60,1.31,3.60,1.30,3.80,1.28
56,24:7:18:16:07,3.60,1.29,3.65,1.30,3.60,1.31,3.50,1.31,3.25,1.36
57,24:7:19:14:57,3.60,1.29,3.65,1.30,3.60,1.31,3.50,1.31,3.30,1.35
58,24:7:20:10:22,3.60,1.29,3.65,1.30,3.60,1.31,3.40,1.33,3.30,1.35
59,24:7:26:10:35,3.40,1.33,3.65,1.30,3.60,1.31,3.40,1.33,3.30,1.35
60,24:7:26:16:15,3.40,1.33,3.65,1.30,3.40,1.33,3.40,1.33,3.30,1.35
61,24:8:12:04:41,3.40,1.33,3.65,1.30,3.40,1.33,3.40,1.33,3.25,1.36
62,24:8:13:07:41,3.40,1.33,3.75,1.29,3.40,1.33,3.40,1.33,3.25,1.36
63,24:8:13:08:36,3.40,1.33,3.50,1.32,3.40,1.33,3.40,1.33,3.25,1.36
64,24:8:15:08:06,3.40,1.33,3.50,1.32,3.40,1.33,3.40,1.33,3.20,1.37
65,24:8:21:03:55,3.40,1.33,3.50,1.32,3.40,1.33,3.40,1.33,3.25,1.36
66,24:8:22:09:43,3.40,1.33,3.50,1.32,3.40,1.33,3.40,1.33,3.20,1.37
67,24:8:22:13:08,3.40,1.33,3.40,1.34,3.30,1.36,3.28,1.35,3.20,1.37
68,24:8:22:13:13,3.25,1.36,3.40,1.34,3.20,1.37,3.22,1.36,3.10,1.39
69,24:8:22:13:18,3.25,1.36,3.40,1.34,3.20,1.37,3.15,1.37,3.10,1.39
70,24:8:22:13:38,3.25,1.36,3.40,1.34,3.20,1.37,3.15,1.37,2.95,1.42
71,24:8:22:16:03,3.25,1.36,3.40,1.34,3.20,1.37,3.15,1.37,3.00,1.41
72,24:8:23:03:43,3.25,1.36,3.20,1.37,3.20,1.37,3.15,1.37,3.00,1.41
73,24:8:25:08:18,3.25,1.36,3.20,1.37,3.20,1.37,3.15,1.37,2.95,1.42
74,24:8:25:22:23,3.25,1.36,3.20,1.37,3.20,1.37,3.15,1.37,2.90,1.43
75,24:8:26:10:08,3.25,1.36,3.20,1.37,3.20,1.37,3.15,1.37,3.00,1.41
76,24:8:26:14:48,3.25,1.36,3.20,1.37,3.20,1.37,3.15,1.37,3.05,1.40
77,24:8:26:15:58,3.25,1.36,3.20,1.37,3.20,1.37,3.15,1.37,3.10,1.39
78,24:8:26:18:58,3.25,1.36,3.20,1.37,3.20,1.37,3.15,1.37,3.25,1.36
79,24:8:27:03:43,3.25,1.36,3.20,1.37,3.10,1.38,3.15,1.37,3.25,1.36
80,24:8:27:05:23,3.25,1.36,3.15,1.38,3.10,1.38,3.15,1.37,3.25,1.36
81,24:8:27:09:08,3.25,1.36,3.15,1.38,3.20,1.37,3.15,1.37,3.25,1.36
82,24:8:27:10:40,3.25,1.36,3.15,1.38,3.20,1.37,3.15,1.37,3.20,1.37
83,24:8:27:10:43,3.25,1.36,3.15,1.38,3.20,1.37,3.15,1.37,3.15,1.38
84,24:8:27:20:48,3.25,1.36,3.15,1.38,3.10,1.38,3.15,1.37,3.15,1.38
85,24:8:28:16:53,3.25,1.36,3.15,1.38,3.10,1.38,3.15,1.37,3.05,1.40
86,24:8:28:16:58,3.25,1.36,3.15,1.38,3.10,1.38,3.10,1.38,3.10,1.39
87,24:8:28:19:53,3.25,1.36,3.15,1.38,3.10,1.38,3.10,1.38,3.15,1.38
88,24:8:28:20:08,3.25,1.36,3.15,1.38,3.10,1.38,3.15,1.37,3.15,1.38
89,24:8:28:20:28,3.25,1.36,3.15,1.38,3.10,1.38,3.15,1.37,3.10,1.39
90,24:8:28:20:33,3.25,1.36,3.15,1.38,3.10,1.38,3.10,1.38,3.10,1.39
91,24:8:28:20:45,3.25,1.36,3.15,1.38,3.10,1.38,3.10,1.38,3.15,1.38
92,24:8:28:20:53,3.25,1.36,3.15,1.38,3.10,1.38,3.15,1.37,3.20,1.37
93,24:8:28:21:28,3.25,1.36,3.15,1.38,3.10,1.38,3.15,1.37,3.25,1.36
94,24:8:28:21:38,3.25,1.36,3.15,1.38,3.20,1.37,3.15,1.37,3.25,1.36
95,24:8:29:13:03,3.25,1.36,3.05,1.40,3.20,1.37,3.15,1.37,3.25,1.36
96,24:8:29:14:33,3.25,1.36,3.15,1.38,3.20,1.37,3.15,1.37,3.25,1.36
97,24:8:31:11:38,3.25,1.36,3.00,1.41,3.20,1.37,3.15,1.37,3.25,1.36
98,24:8:31:13:08,3.25,1.36,3.05,1.40,3.20,1.37,3.15,1.37,3.25,1.36
99,24:8:31:13:23,3.25,1.36,3.15,1.38,3.20,1.37,3.15,1.37,3.25,1.36
