,Date,Fanduel Odds[army],Fanduel Odds[tem],Cesears Odds[army],Cesears Odds[tem],Bet365 Odds[army],Bet365 Odds[tem],DraftKings Odds[army],DraftKings Odds[tem],BetMGM Odds[army],BetMGM Odds[tem]
0,24:9:22:14:11,N/A,N/A,N/A,N/A,1.17,5.25,N/A,N/A,N/A,N/A
1,24:9:22:14:21,N/A,N/A,N/A,N/A,1.17,5.25,N/A,N/A,1.19,4.90
2,24:9:22:14:26,N/A,N/A,1.18,4.90,1.17,5.25,N/A,N/A,1.19,4.90
3,24:9:22:19:11,N/A,N/A,1.18,4.90,1.19,4.90,N/A,N/A,1.19,4.90
4,24:9:22:19:16,N/A,N/A,1.18,4.90,1.19,4.90,1.18,5.00,1.19,4.90
5,24:9:22:19:56,N/A,N/A,1.18,5.00,1.19,4.90,1.18,5.00,1.19,4.90
6,24:9:22:21:46,N/A,N/A,1.18,5.00,1.19,4.90,1.18,5.00,1.18,5.10
7,24:9:22:21:51,N/A,N/A,1.18,5.00,1.18,5.00,1.18,5.00,1.17,5.25
8,24:9:23:07:11,1.18,5.00,1.18,5.00,1.18,5.00,1.18,5.00,1.17,5.25
9,24:9:23:07:54,1.18,5.00,1.18,5.00,1.18,5.00,1.18,5.00,1.18,5.10
10,24:9:23:10:44,1.18,5.00,1.18,5.00,1.18,5.00,1.18,5.00,1.19,5.00
11,24:9:23:12:19,1.18,5.00,1.18,5.00,1.18,5.00,1.18,5.00,1.21,4.70
12,24:9:23:12:24,1.18,5.00,1.18,5.00,1.18,5.00,1.18,5.00,1.19,4.90
13,24:9:23:12:29,1.18,5.00,1.18,5.00,1.18,5.00,1.18,5.00,1.19,5.00
14,24:9:23:14:15,1.18,5.00,1.18,5.00,1.18,5.00,1.18,5.00,1.18,5.10
15,24:9:23:14:34,1.18,5.00,1.18,5.00,1.18,5.00,1.18,5.00,1.19,5.00
16,24:9:23:23:29,1.18,5.00,1.18,5.00,1.18,5.00,1.18,5.00,1.18,5.10
17,24:9:24:12:24,1.18,5.00,1.18,5.00,1.18,5.00,1.18,5.00,1.19,5.00
18,24:9:25:05:05,1.18,5.00,1.17,5.20,1.18,5.00,1.18,5.00,1.19,5.00
19,24:9:25:07:14,1.18,5.00,1.18,5.00,1.18,5.00,1.18,5.00,1.19,5.00
20,24:9:25:08:20,1.18,5.00,1.18,5.00,1.18,5.00,1.18,5.00,1.18,5.10
21,24:9:25:09:44,1.18,5.00,1.18,5.00,1.18,5.00,1.18,5.00,1.19,5.00
22,24:9:25:11:19,1.18,5.00,1.17,5.30,1.18,5.00,1.18,5.00,1.19,5.00
23,24:9:25:11:34,1.18,5.00,1.17,5.30,1.18,5.00,1.18,5.00,1.18,5.10
24,24:9:25:12:39,1.20,4.75,1.22,4.40,1.19,4.90,1.18,5.00,1.19,5.00
25,24:9:25:12:44,1.20,4.75,1.21,4.60,1.20,4.75,1.18,5.00,1.19,4.90
26,24:9:25:12:49,1.20,4.75,1.19,4.85,1.20,4.75,1.21,4.60,1.19,4.90
27,24:9:25:12:54,1.20,4.75,1.21,4.60,1.20,4.75,1.21,4.60,1.19,4.90
28,24:9:25:16:39,1.20,4.75,1.19,4.90,1.20,4.75,1.21,4.60,1.19,4.90
29,24:9:25:18:21,1.20,4.75,1.19,4.90,1.20,4.75,1.21,4.60,1.19,5.00
30,24:9:25:18:49,1.20,4.75,1.21,4.60,1.20,4.75,1.21,4.60,1.19,5.00
31,24:9:25:18:54,1.20,4.75,1.19,4.90,1.20,4.75,1.21,4.60,1.19,4.90
