,Date,Fanduel Odds[asu],Fanduel Odds[txst],Cesears Odds[asu],Cesears Odds[txst],Bet365 Odds[asu],Bet365 Odds[txst],DraftKings Odds[asu],DraftKings Odds[txst],BetMGM Odds[asu],BetMGM Odds[txst]
0,24:9:8:03:50,N/A,N/A,1.91,1.91,N/A,N/A,N/A,N/A,N/A,N/A
1,24:9:8:09:55,N/A,N/A,1.96,1.87,N/A,N/A,N/A,N/A,N/A,N/A
2,24:9:8:10:35,N/A,N/A,2.02,1.82,N/A,N/A,N/A,N/A,N/A,N/A
3,24:9:8:12:20,N/A,N/A,2.05,1.79,N/A,N/A,N/A,N/A,N/A,N/A
4,24:9:8:13:38,N/A,N/A,1.82,2.02,N/A,N/A,N/A,N/A,N/A,N/A
5,24:9:8:15:05,N/A,N/A,1.82,2.02,N/A,N/A,N/A,N/A,1.77,2.10
6,24:9:8:15:45,N/A,N/A,1.82,2.02,N/A,N/A,1.80,2.05,1.77,2.10
7,24:9:8:16:40,N/A,N/A,1.82,2.02,N/A,N/A,1.80,2.05,1.70,2.20
8,24:9:8:18:25,N/A,N/A,1.82,2.02,N/A,N/A,1.80,2.05,1.77,2.10
9,24:9:8:20:40,N/A,N/A,1.82,2.02,1.77,2.10,1.77,2.10,1.77,2.10
10,24:9:8:23:55,N/A,N/A,1.82,2.02,1.77,2.10,1.80,2.05,1.80,2.05
11,24:9:9:00:00,N/A,N/A,1.82,2.02,1.77,2.10,1.80,2.05,1.82,2.02
12,24:9:9:00:05,N/A,N/A,1.82,2.02,1.77,2.10,1.80,2.05,1.83,2.00
13,24:9:9:04:20,N/A,N/A,1.85,1.98,1.77,2.10,1.80,2.05,1.83,2.00
14,24:9:9:07:45,N/A,N/A,1.85,1.98,1.87,1.95,1.80,2.05,1.83,2.00
15,24:9:9:07:50,N/A,N/A,1.85,1.98,1.87,1.95,1.87,1.95,1.83,2.00
16,24:9:9:08:05,N/A,N/A,1.85,1.98,1.87,1.95,1.87,1.95,1.82,2.02
17,24:9:9:08:10,N/A,N/A,1.85,1.98,1.83,2.00,1.83,2.00,1.82,2.02
18,24:9:9:08:15,1.83,2.00,1.85,1.98,1.83,2.00,1.83,2.00,1.82,2.02
19,24:9:9:09:00,1.83,2.00,1.85,1.98,1.83,2.00,1.83,2.00,1.80,2.05
20,24:9:9:09:15,1.83,2.00,1.85,1.98,1.83,2.00,1.83,2.00,1.77,2.10
21,24:9:9:09:20,1.83,2.00,1.82,2.02,1.83,2.00,1.83,2.00,1.74,2.14
22,24:9:9:09:25,1.83,2.00,1.82,2.02,1.83,2.00,1.80,2.05,1.74,2.14
23,24:9:9:09:35,1.83,2.00,1.77,2.08,1.83,2.00,1.80,2.05,1.77,2.10
24,24:9:9:09:57,1.83,2.00,1.77,2.08,1.77,2.10,1.77,2.10,1.77,2.10
25,24:9:9:10:17,1.83,2.00,1.77,2.08,1.77,2.10,1.74,2.15,1.77,2.10
26,24:9:9:10:22,1.74,2.15,1.77,2.08,1.77,2.10,1.74,2.15,1.77,2.10
27,24:9:9:12:37,1.74,2.15,1.77,2.08,1.77,2.10,1.77,2.10,1.77,2.10
28,24:9:9:13:12,1.77,2.10,1.77,2.08,1.77,2.10,1.77,2.10,1.77,2.10
29,24:9:9:18:07,1.77,2.10,1.77,2.08,1.77,2.10,1.77,2.10,1.80,2.05
30,24:9:9:18:16,1.77,2.10,1.77,2.08,1.77,2.10,1.77,2.10,1.82,2.02
31,24:9:9:19:32,1.77,2.10,1.80,2.04,1.77,2.10,1.77,2.10,1.82,2.02
32,24:9:9:19:57,1.77,2.10,1.80,2.04,1.77,2.10,1.77,2.10,1.83,2.00
33,24:9:9:20:30,1.77,2.10,1.85,1.98,1.80,2.05,1.83,2.00,1.87,1.95
34,24:9:9:21:03,1.87,1.95,1.85,1.98,1.80,2.05,1.83,2.00,1.87,1.95
35,24:9:9:22:47,1.87,1.95,1.85,1.98,1.80,2.05,1.87,1.95,1.87,1.95
36,24:9:9:23:52,1.87,1.95,1.85,1.98,1.80,2.05,1.83,2.00,1.85,1.98
37,24:9:10:00:07,1.87,1.95,1.79,2.05,1.80,2.05,1.83,2.00,1.85,1.98
38,24:9:10:00:14,1.83,2.00,1.79,2.05,1.80,2.05,1.83,2.00,1.85,1.98
39,24:9:10:06:27,1.83,2.00,1.79,2.05,1.83,2.00,1.83,2.00,1.83,2.00
40,24:9:10:08:57,1.83,2.00,1.82,2.02,1.83,2.00,1.83,2.00,1.83,2.00
41,24:9:10:09:07,1.83,2.00,1.80,2.04,1.83,2.00,1.83,2.00,1.83,2.00
42,24:9:10:09:17,1.83,2.00,1.80,2.04,1.83,2.00,1.83,2.00,1.82,2.02
43,24:9:10:09:22,1.83,2.00,1.80,2.04,1.83,2.00,1.83,2.00,1.80,2.05
44,24:9:10:09:40,1.83,2.00,1.80,2.04,1.83,2.00,1.80,2.05,1.80,2.05
45,24:9:10:09:47,1.83,2.00,1.80,2.04,1.80,2.05,1.80,2.05,1.80,2.05
46,24:9:10:10:27,1.83,2.00,1.85,1.98,1.80,2.05,1.80,2.05,1.80,2.05
47,24:9:10:11:37,1.83,2.00,1.85,1.98,1.80,2.05,1.80,2.05,1.82,2.02
48,24:9:10:11:42,1.83,2.00,1.85,1.98,1.80,2.05,1.80,2.05,1.80,2.05
49,24:9:10:11:47,1.83,2.00,1.85,1.98,1.80,2.05,1.80,2.05,1.82,2.02
50,24:9:10:12:17,1.83,2.00,1.85,1.98,1.80,2.05,1.80,2.05,1.80,2.05
