,Date,Fanduel Odds[atl],Fanduel Odds[ind],Cesears Odds[atl],Cesears Odds[ind],Bet365 Odds[atl],Bet365 Odds[ind],DraftKings Odds[atl],DraftKings Odds[ind],BetMGM Odds[atl],BetMGM Odds[ind]
0,24:9:6:21:59,N/A,N/A,N/A,N/A,N/A,N/A,N/A,N/A,3.10,1.39
1,24:9:6:23:34,N/A,N/A,2.98,1.40,N/A,N/A,N/A,N/A,3.10,1.39
2,24:9:7:01:19,N/A,N/A,3.05,1.38,N/A,N/A,N/A,N/A,3.10,1.39
3,24:9:7:13:34,N/A,N/A,3.05,1.38,N/A,N/A,N/A,N/A,3.30,1.35
4,24:9:7:13:44,N/A,N/A,3.05,1.38,3.30,1.36,3.28,1.35,3.30,1.35
5,24:9:7:15:28,3.25,1.36,3.05,1.38,3.30,1.36,3.28,1.35,3.30,1.35
6,24:9:7:16:12,3.25,1.36,3.25,1.34,3.30,1.36,3.28,1.35,3.30,1.35
7,24:9:7:21:24,3.25,1.36,3.25,1.34,3.25,1.36,3.28,1.35,3.30,1.35
8,24:9:7:23:14,3.25,1.36,3.20,1.36,3.25,1.36,3.28,1.35,3.30,1.35
9,24:9:7:23:58,3.25,1.36,3.25,1.34,3.25,1.36,3.28,1.35,3.30,1.35
10,24:9:8:00:09,3.25,1.36,3.25,1.34,3.25,1.36,3.28,1.35,3.25,1.36
11,24:9:8:00:19,3.25,1.36,3.25,1.34,3.25,1.36,3.22,1.36,3.25,1.36
12,24:9:8:03:49,3.25,1.36,3.25,1.34,3.25,1.36,3.22,1.36,3.30,1.35
13,24:9:8:03:54,3.25,1.36,3.25,1.34,3.25,1.36,3.28,1.35,3.30,1.35
14,24:9:8:03:59,3.25,1.36,3.25,1.34,3.30,1.36,3.28,1.35,3.30,1.35
15,24:9:8:06:24,3.25,1.36,3.20,1.36,3.30,1.36,3.28,1.35,3.30,1.35
16,24:9:8:07:09,3.25,1.36,3.20,1.36,3.30,1.36,3.28,1.35,3.35,1.34
17,24:9:8:07:29,3.25,1.36,3.25,1.34,3.30,1.36,3.28,1.35,3.35,1.34
18,24:9:8:07:34,3.25,1.36,3.20,1.36,3.30,1.36,3.28,1.35,3.35,1.34
19,24:9:8:08:07,3.25,1.36,3.20,1.36,3.10,1.38,3.28,1.35,3.30,1.35
20,24:9:8:08:09,3.25,1.36,3.10,1.38,3.10,1.38,3.22,1.36,3.30,1.35
21,24:9:8:08:14,3.25,1.36,3.10,1.38,3.10,1.38,3.22,1.36,3.25,1.36
22,24:9:8:08:19,3.25,1.36,3.25,1.34,3.10,1.38,3.22,1.36,3.25,1.36
23,24:9:8:08:24,3.25,1.36,3.25,1.34,3.10,1.38,3.22,1.36,3.20,1.37
24,24:9:8:08:39,3.25,1.36,3.25,1.34,3.10,1.38,3.22,1.36,3.15,1.38
25,24:9:8:08:44,3.00,1.40,2.94,1.41,3.10,1.38,3.22,1.36,3.15,1.38
26,24:9:8:08:49,3.00,1.40,2.94,1.41,3.10,1.38,3.22,1.36,3.10,1.39
27,24:9:8:09:09,3.00,1.40,2.86,1.43,3.10,1.38,3.22,1.36,3.10,1.39
28,24:9:8:09:14,3.00,1.40,2.86,1.43,3.10,1.38,3.10,1.38,3.10,1.39
29,24:9:8:09:19,3.00,1.40,2.86,1.43,3.10,1.38,3.10,1.38,3.05,1.40
30,24:9:8:09:24,3.00,1.40,2.86,1.43,2.95,1.42,3.10,1.38,3.05,1.40
31,24:9:8:09:49,3.00,1.40,2.86,1.43,2.95,1.42,2.85,1.44,3.05,1.40
32,24:9:8:10:49,3.00,1.40,2.98,1.41,2.95,1.42,2.85,1.44,3.05,1.40
33,24:9:8:11:07,3.00,1.40,2.98,1.40,2.95,1.42,2.85,1.44,3.05,1.40
34,24:9:8:11:24,3.00,1.40,2.80,1.44,2.95,1.42,2.85,1.44,3.05,1.40
35,24:9:8:11:39,3.00,1.40,2.76,1.45,2.95,1.42,2.85,1.44,3.05,1.40
36,24:9:8:11:44,3.00,1.40,2.86,1.43,2.95,1.42,2.85,1.44,3.05,1.40
37,24:9:8:11:49,3.00,1.40,2.94,1.41,2.95,1.42,2.85,1.44,3.05,1.40
38,24:9:8:11:59,3.00,1.40,3.05,1.38,2.95,1.42,2.85,1.44,3.05,1.40
39,24:9:8:12:44,3.00,1.40,2.98,1.40,2.95,1.42,2.85,1.44,3.05,1.40
40,24:9:8:12:54,3.00,1.40,2.98,1.40,2.95,1.42,2.96,1.42,3.05,1.40
41,24:9:8:13:24,3.00,1.40,2.98,1.40,2.95,1.42,2.96,1.42,2.95,1.42
42,24:9:8:13:29,3.00,1.40,3.10,1.38,2.95,1.42,2.96,1.42,2.95,1.42
43,24:9:8:13:59,3.00,1.40,2.98,1.40,2.95,1.42,2.96,1.42,2.95,1.42
44,24:9:8:14:04,3.00,1.40,3.10,1.38,2.95,1.42,2.96,1.42,2.95,1.42
45,24:9:8:15:09,3.00,1.40,3.05,1.38,2.95,1.42,2.96,1.42,2.90,1.43
