,Date,Fanduel Odds[atl],Fanduel Odds[ny],Cesears Odds[atl],Cesears Odds[ny],Bet365 Odds[atl],Bet365 Odds[ny],DraftKings Odds[atl],DraftKings Odds[ny],BetMGM Odds[atl],BetMGM Odds[ny]
0,24:9:22:15:04,N/A,N/A,N/A,N/A,N/A,N/A,N/A,N/A,7.00,1.11
1,24:9:22:15:34,N/A,N/A,7.30,1.10,N/A,N/A,N/A,N/A,7.00,1.11
2,24:9:22:15:54,7.00,1.11,7.30,1.10,N/A,N/A,N/A,N/A,7.00,1.11
3,24:9:22:17:09,7.00,1.11,7.30,1.10,7.50,1.10,7.50,1.10,7.00,1.11
4,24:9:22:19:19,7.00,1.11,7.30,1.10,7.50,1.10,8.00,1.09,7.00,1.11
5,24:9:23:00:19,7.00,1.11,7.30,1.10,7.50,1.10,8.00,1.09,7.75,1.10
6,24:9:23:00:39,7.50,1.10,7.30,1.10,7.50,1.10,8.00,1.09,7.75,1.10
7,24:9:23:00:49,7.50,1.10,7.30,1.10,7.50,1.10,8.00,1.09,7.50,1.10
8,24:9:23:02:24,7.50,1.10,6.70,1.11,7.50,1.10,8.00,1.09,7.50,1.10
9,24:9:23:02:54,7.50,1.10,6.70,1.11,7.50,1.10,8.00,1.09,7.25,1.11
10,24:9:23:07:49,7.50,1.10,7.30,1.10,7.50,1.10,8.00,1.09,7.25,1.11
11,24:9:23:10:01,7.50,1.10,7.30,1.10,7.50,1.10,8.00,1.09,7.50,1.10
12,24:9:23:11:31,7.50,1.10,8.10,1.08,7.50,1.10,8.00,1.09,7.50,1.10
13,24:9:23:13:17,7.50,1.10,7.80,1.08,7.50,1.10,8.00,1.09,7.50,1.10
14,24:9:23:13:26,7.50,1.10,8.10,1.08,7.50,1.10,8.00,1.09,7.50,1.10
15,24:9:23:14:31,8.00,1.09,8.10,1.08,7.50,1.10,8.00,1.09,7.50,1.10
16,24:9:23:14:51,7.50,1.10,8.10,1.08,7.50,1.10,8.00,1.09,7.50,1.10
17,24:9:23:14:56,7.50,1.10,7.80,1.08,7.50,1.10,8.00,1.09,7.50,1.10
18,24:9:23:17:36,7.50,1.10,7.10,1.10,7.50,1.10,8.00,1.09,7.50,1.10
19,24:9:23:17:41,7.50,1.10,6.90,1.11,7.50,1.10,8.00,1.09,7.50,1.10
