,Date,Fanduel Odds[atl],Fanduel Odds[ny],Cesears Odds[atl],Cesears Odds[ny],Bet365 Odds[atl],Bet365 Odds[ny],DraftKings Odds[atl],DraftKings Odds[ny],BetMGM Odds[atl],BetMGM Odds[ny]
0,24:9:18:12:59,N/A,N/A,2.28,1.63,N/A,N/A,N/A,N/A,N/A,N/A
1,24:9:18:13:19,N/A,N/A,2.28,1.63,2.40,1.61,N/A,N/A,2.40,1.60
2,24:9:18:13:25,N/A,N/A,2.28,1.63,2.40,1.61,2.40,1.61,2.40,1.60
3,24:9:18:14:09,N/A,N/A,2.38,1.59,2.40,1.61,2.40,1.61,2.40,1.60
4,24:9:18:14:24,2.25,1.65,2.38,1.59,2.40,1.61,2.40,1.61,2.40,1.60
5,24:9:18:14:29,2.35,1.63,2.34,1.61,2.40,1.61,2.40,1.61,2.40,1.60
6,24:9:18:14:34,2.35,1.63,2.38,1.59,2.40,1.61,2.40,1.61,2.40,1.60
7,24:9:18:15:24,2.35,1.63,2.38,1.59,2.40,1.61,2.40,1.61,2.30,1.65
8,24:9:18:15:29,2.35,1.63,2.34,1.61,2.40,1.61,2.40,1.61,2.30,1.65
9,24:9:18:15:34,2.35,1.63,2.28,1.63,2.35,1.63,2.26,1.67,2.30,1.65
10,24:9:18:15:49,2.35,1.63,2.38,1.59,2.35,1.63,2.26,1.67,2.30,1.65
11,24:9:18:16:04,2.35,1.63,2.42,1.57,2.35,1.63,2.26,1.67,2.30,1.65
12,24:9:18:16:09,2.35,1.63,2.48,1.54,2.35,1.63,2.26,1.67,2.30,1.65
13,24:9:18:16:19,2.55,1.53,2.48,1.54,2.35,1.63,2.26,1.67,2.30,1.65
14,24:9:18:16:54,2.55,1.53,2.42,1.57,2.35,1.63,2.26,1.67,2.42,1.59
15,24:9:18:16:59,2.50,1.54,2.42,1.57,2.40,1.61,2.26,1.67,2.42,1.59
16,24:9:18:17:09,2.50,1.54,2.42,1.57,2.40,1.61,2.35,1.62,2.42,1.59
17,24:9:18:17:44,2.50,1.54,2.42,1.57,2.45,1.59,2.35,1.62,2.42,1.59
18,24:9:18:17:59,2.50,1.54,2.42,1.57,2.45,1.59,2.40,1.61,2.42,1.59
19,24:9:18:18:24,2.50,1.54,2.18,1.69,2.30,1.65,2.40,1.61,2.14,1.74
20,24:9:18:18:29,2.50,1.54,2.18,1.69,2.20,1.71,2.40,1.61,2.20,1.70
21,24:9:18:18:34,2.50,1.54,2.08,1.76,2.10,1.77,2.40,1.61,2.02,1.82
22,24:9:18:18:39,2.50,1.54,2.08,1.76,2.05,1.80,2.40,1.61,1.98,1.85
23,24:9:18:18:44,2.50,1.54,2.00,1.82,2.00,1.83,2.40,1.61,1.93,1.89
24,24:9:18:18:49,2.50,1.54,2.00,1.82,1.95,1.87,2.40,1.61,1.93,1.89
25,24:9:18:19:09,2.50,1.54,2.00,1.82,1.95,1.87,1.91,1.91,1.93,1.89
26,24:9:18:19:19,2.50,1.54,1.94,1.88,1.91,1.91,1.91,1.91,1.85,1.98
27,24:9:18:19:24,2.50,1.54,1.85,1.96,1.91,1.91,1.91,1.91,1.91,1.91
28,24:9:18:19:29,1.91,1.91,1.87,1.95,1.91,1.91,1.87,1.95,1.87,1.95
29,24:9:18:19:34,1.91,1.91,1.87,1.95,1.87,1.95,1.83,2.00,1.87,1.95
30,24:9:18:19:39,1.87,1.95,1.82,2.00,1.87,1.95,1.83,2.00,1.87,1.95
31,24:9:18:19:59,1.87,1.95,1.82,2.00,1.87,1.95,1.87,1.95,1.87,1.95
32,24:9:18:20:14,1.87,1.95,1.82,2.00,1.87,1.95,1.91,1.91,1.87,1.95
33,24:9:18:22:19,1.87,1.95,1.82,2.00,1.87,1.95,1.91,1.91,1.89,1.93
34,24:9:18:22:24,1.87,1.95,1.82,2.00,1.87,1.95,1.87,1.95,1.89,1.93
35,24:9:18:22:29,1.87,1.95,1.82,2.00,1.87,1.95,1.87,1.95,1.91,1.91
36,24:9:18:23:14,1.91,1.91,1.82,2.00,1.87,1.95,1.87,1.95,1.91,1.91
37,24:9:18:23:39,1.91,1.91,1.82,2.00,1.91,1.91,1.87,1.95,1.91,1.91
38,24:9:18:23:44,1.95,1.87,1.82,2.00,1.95,1.87,1.87,1.95,1.95,1.87
39,24:9:18:23:54,1.95,1.87,1.85,1.96,1.95,1.87,1.87,1.95,1.95,1.87
40,24:9:19:00:06,1.95,1.87,1.85,1.96,1.95,1.87,1.95,1.87,1.95,1.87
41,24:9:19:00:09,1.95,1.87,1.87,1.95,1.95,1.87,1.95,1.87,1.95,1.87
