,Date,Fanduel Odds[bc],Fanduel Odds[mtl],Cesears Odds[bc],Cesears Odds[mtl],Bet365 Odds[bc],Bet365 Odds[mtl],DraftKings Odds[bc],DraftKings Odds[mtl],BetMGM Odds[bc],BetMGM Odds[mtl]
0,24:9:1:10:43,2.18,1.70,N/A,N/A,N/A,N/A,N/A,N/A,N/A,N/A
1,24:9:2:09:23,2.18,1.70,2.35,1.62,2.25,1.67,N/A,N/A,N/A,N/A
2,24:9:2:09:33,2.34,1.62,2.35,1.62,2.25,1.67,N/A,N/A,N/A,N/A
3,24:9:2:09:53,2.34,1.62,2.40,1.61,2.40,1.61,N/A,N/A,N/A,N/A
4,24:9:2:14:48,2.34,1.62,2.40,1.61,2.40,1.61,2.50,1.56,N/A,N/A
5,24:9:2:14:53,2.34,1.62,2.43,1.59,2.40,1.61,2.50,1.56,N/A,N/A
6,24:9:2:19:38,2.34,1.62,2.43,1.59,2.45,1.59,2.50,1.56,N/A,N/A
7,24:9:3:10:36,2.34,1.62,2.43,1.59,2.35,1.63,2.50,1.56,N/A,N/A
8,24:9:3:16:06,2.34,1.62,2.48,1.57,2.35,1.63,2.50,1.56,N/A,N/A
9,24:9:3:20:46,2.34,1.62,2.48,1.57,2.35,1.63,2.50,1.56,2.40,1.61
10,24:9:4:09:11,2.36,1.61,2.48,1.57,2.35,1.63,2.50,1.56,2.40,1.61
11,24:9:4:11:44,2.36,1.61,2.50,1.56,2.35,1.63,2.50,1.56,2.40,1.61
12,24:9:4:15:05,2.36,1.61,2.50,1.56,2.45,1.59,2.50,1.56,2.40,1.61
13,24:9:5:03:03,2.36,1.61,2.48,1.57,2.45,1.59,2.50,1.56,2.40,1.61
14,24:9:5:05:11,2.36,1.61,2.43,1.59,2.45,1.59,2.50,1.56,2.40,1.61
15,24:9:5:13:05,2.30,1.64,2.43,1.59,2.45,1.59,2.50,1.56,2.40,1.61
16,24:9:5:13:15,2.26,1.66,2.43,1.59,2.35,1.63,2.24,1.68,2.40,1.61
17,24:9:5:13:36,2.26,1.66,2.35,1.62,2.35,1.63,2.24,1.68,2.40,1.61
18,24:9:5:14:12,2.26,1.66,2.35,1.62,2.35,1.63,2.30,1.65,2.40,1.61
19,24:9:5:14:44,2.26,1.66,2.40,1.61,2.35,1.63,2.30,1.65,2.40,1.61
20,24:9:5:15:01,2.36,1.61,2.40,1.61,2.45,1.59,2.30,1.65,2.40,1.61
21,24:9:5:15:45,2.36,1.61,2.40,1.61,2.45,1.59,2.40,1.60,2.40,1.61
22,24:9:5:17:45,2.36,1.61,2.40,1.61,2.50,1.56,2.40,1.60,2.40,1.61
23,24:9:5:17:49,2.50,1.55,2.52,1.56,2.50,1.56,2.50,1.56,2.40,1.61
24,24:9:5:18:49,2.50,1.55,2.52,1.56,2.50,1.56,2.50,1.56,2.50,1.54
25,24:9:5:21:06,2.50,1.55,2.58,1.53,2.50,1.56,2.50,1.56,2.50,1.54
26,24:8:28:11:48,2.22,1.68,2.58,1.53,2.50,1.56,2.50,1.56,2.50,1.54
27,24:8:28:12:51,2.22,1.68,2.58,1.53,2.50,1.56,2.40,1.60,2.50,1.54
28,24:8:29:17:58,2.26,1.66,2.58,1.53,2.50,1.56,2.40,1.60,2.50,1.54
