,Date,Fanduel Odds[buf],Fanduel Odds[mia],Cesears Odds[buf],Cesears Odds[mia],Bet365 Odds[buf],Bet365 Odds[mia],DraftKings Odds[buf],DraftKings Odds[mia],BetMGM Odds[buf],BetMGM Odds[mia]
0,24:9:4:15:09,N/A,N/A,2.04,1.82,N/A,N/A,2.05,1.80,N/A,N/A
1,24:9:5:17:39,N/A,N/A,2.04,1.82,N/A,N/A,2.10,1.77,N/A,N/A
2,24:9:5:17:58,N/A,N/A,2.04,1.82,N/A,N/A,2.15,1.74,N/A,N/A
3,24:9:6:06:36,N/A,N/A,2.04,1.82,N/A,N/A,2.15,1.74,2.02,1.82
4,24:9:7:23:28,N/A,N/A,2.04,1.82,N/A,N/A,2.05,1.80,2.02,1.82
5,24:9:8:07:38,N/A,N/A,2.04,1.82,2.05,1.80,2.05,1.80,2.02,1.82
6,24:9:8:17:55,N/A,N/A,2.04,1.82,2.05,1.80,2.05,1.80,1.95,1.87
7,24:9:8:18:08,1.95,1.87,2.04,1.82,2.05,1.80,2.05,1.80,1.95,1.87
8,24:9:8:18:18,1.95,1.87,2.04,1.82,2.05,1.80,2.05,1.80,1.98,1.85
9,24:9:8:18:23,2.00,1.83,2.04,1.82,2.05,1.80,2.05,1.80,1.98,1.85
10,24:9:8:18:28,2.00,1.83,2.04,1.82,2.00,1.83,2.05,1.80,1.98,1.85
11,24:9:8:18:58,2.00,1.83,2.02,1.83,2.00,1.83,2.05,1.80,1.98,1.85
12,24:9:8:19:28,2.00,1.83,2.02,1.83,2.00,1.83,2.00,1.83,1.98,1.85
13,24:9:8:19:43,2.00,1.83,2.02,1.83,2.00,1.83,2.00,1.83,2.02,1.82
14,24:9:8:20:23,2.00,1.83,2.08,1.79,2.00,1.83,2.00,1.83,2.02,1.82
15,24:9:8:20:28,2.00,1.83,2.08,1.79,2.00,1.83,2.10,1.77,2.02,1.82
16,24:9:8:21:04,2.00,1.83,2.08,1.79,2.00,1.83,2.00,1.83,2.02,1.82
17,24:9:8:21:13,2.00,1.83,2.08,1.79,1.95,1.87,2.00,1.83,1.98,1.85
18,24:9:8:21:53,2.00,1.83,2.08,1.79,2.00,1.83,2.00,1.83,1.98,1.85
19,24:9:8:23:28,2.00,1.83,2.08,1.77,2.00,1.83,2.00,1.83,1.98,1.85
20,24:9:9:06:28,2.00,1.83,2.08,1.77,2.05,1.80,2.00,1.83,1.98,1.85
21,24:9:9:06:58,2.00,1.83,2.08,1.77,2.05,1.80,2.05,1.80,1.98,1.85
22,24:9:9:08:33,2.00,1.83,2.08,1.77,2.05,1.80,2.05,1.80,2.05,1.80
23,24:9:9:08:58,2.00,1.83,2.08,1.77,2.05,1.80,2.05,1.80,2.02,1.82
24,24:9:9:09:13,2.00,1.83,2.08,1.77,2.05,1.80,2.00,1.83,2.02,1.82
25,24:9:9:09:23,2.00,1.83,2.08,1.77,2.05,1.80,2.00,1.83,2.10,1.77
26,24:9:9:09:41,2.10,1.77,2.14,1.75,2.10,1.77,2.10,1.77,2.10,1.77
27,24:9:9:10:22,2.15,1.74,2.14,1.75,2.10,1.77,2.10,1.77,2.14,1.74
28,24:9:9:10:27,2.15,1.74,2.14,1.75,2.15,1.74,2.10,1.77,2.14,1.74
29,24:9:9:10:33,2.15,1.74,2.12,1.76,2.15,1.74,2.15,1.74,2.14,1.74
30,24:9:9:13:22,2.15,1.74,2.14,1.75,2.15,1.74,2.15,1.74,2.14,1.74
31,24:9:9:13:44,2.10,1.77,2.14,1.75,2.15,1.74,2.15,1.74,2.14,1.74
32,24:9:9:14:47,2.10,1.77,2.12,1.76,2.15,1.74,2.15,1.74,2.14,1.74
33,24:9:9:15:37,2.15,1.74,2.12,1.76,2.15,1.74,2.15,1.74,2.14,1.74
34,24:9:9:15:42,2.05,1.80,2.12,1.76,2.10,1.77,2.15,1.74,2.05,1.80
35,24:9:9:15:47,2.05,1.80,2.12,1.76,2.05,1.80,2.15,1.74,2.02,1.82
36,24:9:9:15:52,2.05,1.80,2.08,1.79,2.05,1.80,2.05,1.80,2.02,1.82
37,24:9:9:16:17,2.05,1.80,2.02,1.83,2.05,1.80,2.05,1.80,2.00,1.83
38,24:9:9:16:22,2.05,1.80,2.02,1.83,2.05,1.80,2.05,1.80,2.02,1.82
39,24:9:9:17:52,2.05,1.80,2.02,1.83,2.05,1.80,2.10,1.77,2.02,1.82
40,24:5:14:15:41,2.05,1.80,2.02,1.83,2.05,1.80,1.95,1.87,2.02,1.82
41,24:5:14:15:46,2.05,1.80,1.93,1.93,2.05,1.80,1.95,1.87,1.95,1.87
42,24:5:15:09:16,2.05,1.80,1.93,1.93,1.95,1.87,1.95,1.87,1.95,1.87
43,24:8:25:09:43,2.05,1.80,1.93,1.93,2.05,1.80,1.95,1.87,1.95,1.87
44,24:8:25:11:03,2.05,1.80,1.93,1.93,2.05,1.80,2.00,1.83,1.95,1.87
45,24:8:26:17:58,2.05,1.80,1.93,1.93,2.00,1.83,2.00,1.83,1.95,1.87
46,24:8:27:11:58,2.05,1.80,1.93,1.93,1.95,1.87,2.00,1.83,1.95,1.87
47,24:8:28:04:43,2.05,1.80,1.93,1.93,1.95,1.87,1.95,1.87,1.95,1.87
48,24:8:28:10:18,2.05,1.80,1.93,1.93,1.95,1.87,1.95,1.87,1.98,1.85
49,24:8:28:14:53,2.05,1.80,1.93,1.93,1.95,1.87,2.00,1.83,1.98,1.85
50,24:8:29:16:38,2.05,1.80,1.93,1.93,1.95,1.87,2.00,1.83,1.95,1.87
51,24:8:29:21:03,2.05,1.80,1.93,1.93,1.95,1.87,1.95,1.87,1.95,1.87
52,24:9:10:00:02,2.05,1.80,1.93,1.93,1.95,1.87,1.95,1.87,2.10,1.77
53,24:9:10:00:07,2.05,1.80,2.04,1.82,1.95,1.87,1.95,1.87,2.10,1.77
54,24:9:10:00:27,2.05,1.80,2.04,1.82,1.95,1.87,2.05,1.80,2.10,1.77
55,24:9:10:01:02,2.05,1.80,2.04,1.82,1.95,1.87,2.05,1.80,2.05,1.80
56,24:9:10:01:13,2.05,1.80,2.02,1.83,1.95,1.87,2.05,1.80,2.10,1.77
57,24:9:10:01:52,2.05,1.80,2.02,1.83,2.15,1.74,2.05,1.80,2.10,1.77
58,24:9:10:01:57,2.05,1.80,2.02,1.83,2.10,1.77,2.05,1.80,2.10,1.77
59,24:9:10:06:22,2.05,1.80,2.02,1.83,2.10,1.77,2.10,1.77,2.10,1.77
60,24:9:10:08:57,2.05,1.80,2.02,1.83,2.10,1.77,2.10,1.77,2.05,1.80
61,24:9:10:12:27,2.05,1.80,2.04,1.82,2.10,1.77,2.10,1.77,2.05,1.80
62,24:9:10:13:47,2.05,1.80,2.08,1.79,2.10,1.77,2.10,1.77,2.05,1.80
63,24:9:10:14:27,2.15,1.71,2.20,1.70,2.15,1.74,2.15,1.74,2.14,1.74
64,24:9:10:14:37,2.15,1.74,2.20,1.70,2.15,1.74,2.15,1.74,2.14,1.74
65,24:9:10:15:12,2.15,1.71,2.20,1.70,2.15,1.74,2.15,1.74,2.14,1.74
