,Date,Fanduel Odds[byu],Fanduel Odds[smu],Cesears Odds[byu],Cesears Odds[smu],Bet365 Odds[byu],Bet365 Odds[smu],DraftKings Odds[byu],DraftKings Odds[smu],BetMGM Odds[byu],BetMGM Odds[smu]
0,24:9:1:02:37,4.20,1.24,N/A,N/A,N/A,N/A,N/A,N/A,N/A,N/A
1,24:9:1:09:37,4.65,1.20,N/A,N/A,N/A,N/A,N/A,N/A,N/A,N/A
2,24:9:1:14:17,4.50,1.22,N/A,N/A,N/A,N/A,N/A,N/A,N/A,N/A
3,24:9:1:19:22,4.50,1.22,N/A,N/A,N/A,N/A,4.80,1.20,N/A,N/A
4,24:9:1:19:27,4.50,1.22,N/A,N/A,N/A,N/A,4.60,1.21,N/A,N/A
5,24:9:1:19:37,4.50,1.22,N/A,N/A,4.75,1.20,4.60,1.21,N/A,N/A
6,24:9:1:20:22,4.50,1.22,4.60,1.21,4.75,1.20,4.60,1.21,N/A,N/A
7,24:9:2:02:27,4.60,1.21,4.60,1.21,4.75,1.20,4.60,1.21,N/A,N/A
8,24:9:2:08:17,4.60,1.21,4.60,1.21,4.75,1.20,4.50,1.22,N/A,N/A
9,24:9:2:08:27,4.60,1.21,4.60,1.21,4.75,1.20,4.50,1.22,4.60,1.20
10,24:9:2:09:32,4.60,1.21,4.45,1.22,4.75,1.20,4.50,1.22,4.60,1.20
11,24:9:2:09:37,4.60,1.21,4.28,1.23,4.75,1.20,4.40,1.23,4.60,1.20
12,24:9:2:09:47,4.60,1.21,4.28,1.23,4.75,1.20,4.30,1.24,4.60,1.20
13,24:9:2:10:02,4.60,1.21,4.28,1.23,4.50,1.22,4.30,1.24,4.60,1.20
14,24:9:2:10:42,4.40,1.22,4.28,1.23,4.50,1.22,4.30,1.24,4.60,1.20
15,24:9:2:11:12,4.30,1.23,4.28,1.23,4.50,1.22,4.30,1.24,4.60,1.20
16,24:9:2:11:17,3.80,1.28,4.10,1.25,4.10,1.26,4.00,1.26,4.10,1.25
17,24:9:2:11:22,3.80,1.28,4.00,1.26,4.10,1.26,4.00,1.26,4.10,1.25
18,24:9:2:11:27,3.80,1.28,4.00,1.26,4.10,1.26,4.10,1.25,4.10,1.25
19,24:9:2:11:52,3.80,1.28,4.00,1.26,4.00,1.26,4.00,1.26,4.10,1.25
20,24:9:2:11:57,3.75,1.29,4.00,1.26,4.00,1.26,4.00,1.26,4.10,1.25
21,24:9:2:12:22,3.75,1.29,4.00,1.26,4.00,1.26,4.10,1.25,4.10,1.25
22,24:9:2:12:27,3.75,1.29,4.00,1.26,4.00,1.26,4.20,1.24,4.10,1.25
23,24:9:2:12:32,3.75,1.29,4.00,1.26,4.00,1.26,4.10,1.25,4.10,1.25
24,24:9:2:13:32,3.75,1.29,4.00,1.26,4.25,1.24,4.40,1.23,4.10,1.25
25,24:9:2:13:37,4.10,1.25,4.28,1.23,4.50,1.22,4.50,1.22,4.40,1.22
26,24:9:2:13:42,4.10,1.25,4.45,1.22,4.50,1.22,4.50,1.22,4.40,1.22
27,24:9:2:20:27,4.10,1.25,4.28,1.23,4.50,1.22,4.50,1.22,4.40,1.22
28,24:9:3:08:42,4.10,1.25,4.28,1.23,4.50,1.22,4.40,1.23,4.40,1.22
29,24:9:3:08:57,4.10,1.25,4.28,1.23,4.25,1.24,4.40,1.23,4.40,1.22
30,24:9:3:10:25,4.20,1.24,4.28,1.23,4.25,1.24,4.30,1.24,4.40,1.22
31,24:9:3:10:45,4.10,1.25,4.28,1.23,4.25,1.24,4.30,1.24,4.40,1.22
32,24:9:3:12:20,4.10,1.25,4.28,1.23,4.25,1.24,4.20,1.24,4.40,1.22
33,24:9:3:15:20,4.15,1.24,4.28,1.23,4.25,1.24,4.20,1.24,4.40,1.22
34,24:9:3:15:40,3.90,1.27,4.28,1.23,4.25,1.24,4.20,1.24,4.40,1.22
35,24:9:3:16:10,3.90,1.27,4.28,1.23,4.25,1.24,4.10,1.25,4.40,1.22
36,24:9:3:16:40,4.00,1.26,4.28,1.23,4.25,1.24,4.10,1.25,4.40,1.22
37,24:9:3:17:35,4.00,1.26,4.20,1.24,4.25,1.24,4.10,1.25,4.40,1.22
38,24:9:3:17:40,4.00,1.26,4.20,1.24,4.25,1.24,4.10,1.25,4.10,1.25
39,24:9:3:18:40,4.15,1.24,4.20,1.24,4.25,1.24,4.10,1.25,4.10,1.25
40,24:9:4:02:51,3.90,1.27,4.20,1.24,4.25,1.24,4.10,1.25,4.10,1.25
41,24:9:4:12:42,4.30,1.23,4.60,1.21,4.75,1.20,4.40,1.23,4.50,1.22
42,24:9:4:15:05,4.30,1.23,4.60,1.21,4.75,1.20,4.50,1.22,4.50,1.22
43,24:9:4:16:05,4.30,1.23,4.60,1.21,4.75,1.20,4.30,1.24,4.50,1.22
44,24:9:4:18:18,4.30,1.23,4.60,1.21,4.75,1.20,4.40,1.23,4.50,1.22
45,24:9:5:12:55,4.20,1.24,4.60,1.21,4.75,1.20,4.40,1.23,4.50,1.22
46,24:9:5:13:32,4.65,1.20,4.60,1.21,4.75,1.20,4.40,1.23,4.50,1.22
