,Date,Fanduel Odds[cgy],Fanduel Odds[edm],Cesears Odds[cgy],Cesears Odds[edm],Bet365 Odds[cgy],Bet365 Odds[edm],DraftKings Odds[cgy],DraftKings Odds[edm],BetMGM Odds[cgy],BetMGM Odds[edm]
0,24:9:1:11:08,N/A,N/A,N/A,N/A,2.00,1.83,N/A,N/A,N/A,N/A
1,24:9:1:11:13,N/A,N/A,N/A,N/A,2.00,1.83,2.00,1.83,N/A,N/A
2,24:9:2:09:53,N/A,N/A,N/A,N/A,1.95,1.87,2.00,1.83,N/A,N/A
3,24:9:2:09:58,N/A,N/A,N/A,N/A,1.95,1.87,1.95,1.87,N/A,N/A
4,24:9:2:16:13,N/A,N/A,N/A,N/A,1.95,1.87,1.95,1.87,2.05,1.80
5,24:9:2:16:18,N/A,N/A,N/A,N/A,2.05,1.80,2.05,1.80,2.05,1.80
6,24:9:3:10:36,N/A,N/A,2.18,1.70,2.05,1.80,2.05,1.80,2.05,1.80
7,24:9:3:10:41,N/A,N/A,2.18,1.70,2.20,1.71,2.05,1.80,2.05,1.80
8,24:9:3:10:46,N/A,N/A,2.18,1.70,2.20,1.71,2.10,1.77,2.05,1.80
9,24:9:3:11:36,N/A,N/A,2.20,1.69,2.20,1.71,2.10,1.77,2.05,1.80
10,24:9:3:12:01,N/A,N/A,2.20,1.69,2.20,1.71,2.18,1.71,2.20,1.70
11,24:9:3:12:11,N/A,N/A,2.20,1.69,2.20,1.71,2.15,1.74,2.20,1.70
12,24:9:3:12:21,N/A,N/A,2.20,1.69,2.20,1.71,2.18,1.71,2.20,1.70
13,24:9:3:12:26,N/A,N/A,2.20,1.69,2.20,1.71,2.15,1.74,2.20,1.70
14,24:9:3:12:46,N/A,N/A,2.20,1.69,2.20,1.71,2.18,1.71,2.20,1.70
15,24:9:3:13:01,N/A,N/A,2.20,1.69,2.20,1.71,2.15,1.74,2.20,1.70
16,24:9:3:13:21,N/A,N/A,2.20,1.69,2.20,1.71,2.18,1.71,2.20,1.70
17,24:9:3:13:31,N/A,N/A,2.20,1.69,2.20,1.71,2.15,1.74,2.20,1.70
18,24:9:3:13:36,N/A,N/A,2.20,1.69,2.20,1.71,2.18,1.71,2.20,1.70
19,24:9:3:13:53,N/A,N/A,2.20,1.69,2.20,1.71,2.15,1.74,2.20,1.70
20,24:9:3:13:56,N/A,N/A,2.20,1.69,2.20,1.71,2.18,1.71,2.20,1.70
21,24:9:3:14:11,N/A,N/A,2.20,1.69,2.20,1.71,2.15,1.74,2.20,1.70
22,24:9:3:14:26,N/A,N/A,2.20,1.69,2.20,1.71,2.18,1.71,2.20,1.70
23,24:9:3:14:36,N/A,N/A,2.20,1.69,2.20,1.71,2.15,1.74,2.20,1.70
24,24:9:3:14:42,N/A,N/A,2.20,1.69,2.20,1.71,2.18,1.71,2.20,1.70
25,24:9:4:11:44,N/A,N/A,2.20,1.69,2.20,1.71,2.22,1.69,2.20,1.70
26,24:9:4:13:16,N/A,N/A,2.20,1.69,2.25,1.67,2.22,1.69,2.20,1.70
27,24:9:4:15:05,N/A,N/A,2.20,1.69,2.30,1.65,2.26,1.67,2.30,1.65
28,24:9:4:16:42,N/A,N/A,2.20,1.69,2.30,1.65,2.30,1.65,2.30,1.65
29,24:9:5:03:03,N/A,N/A,2.32,1.63,2.35,1.63,2.35,1.62,2.30,1.65
30,24:9:5:08:09,N/A,N/A,2.32,1.63,2.35,1.63,2.40,1.61,2.30,1.65
31,24:9:5:09:41,2.40,1.61,2.32,1.63,2.35,1.63,2.43,1.59,2.30,1.65
32,24:9:5:09:53,2.40,1.61,2.32,1.63,2.45,1.59,2.43,1.59,2.30,1.65
33,24:9:5:10:51,2.40,1.61,2.32,1.63,2.50,1.56,2.40,1.61,2.30,1.65
34,24:9:5:11:45,2.40,1.61,2.32,1.63,2.50,1.56,2.43,1.59,2.30,1.65
35,24:9:5:12:08,2.40,1.61,2.32,1.63,2.50,1.56,2.43,1.59,2.42,1.59
36,24:9:5:12:13,2.40,1.61,2.32,1.63,2.50,1.56,2.48,1.57,2.42,1.59
37,24:9:6:09:14,2.40,1.61,2.38,1.60,2.50,1.56,2.48,1.57,2.42,1.59
38,24:9:6:10:47,2.40,1.61,2.52,1.54,2.50,1.56,2.48,1.57,2.42,1.59
39,24:9:6:18:02,2.40,1.61,2.52,1.54,2.50,1.56,2.50,1.56,2.42,1.59
40,24:9:6:18:42,2.40,1.61,2.52,1.54,2.50,1.56,2.48,1.57,2.42,1.59
41,24:9:6:18:47,2.40,1.61,2.52,1.54,2.50,1.56,2.52,1.56,2.42,1.59
42,24:9:6:23:32,2.40,1.61,2.52,1.54,2.55,1.54,2.52,1.56,2.42,1.59
43,24:9:6:23:47,2.40,1.61,2.52,1.54,2.65,1.50,2.52,1.56,2.42,1.59
44,24:9:7:00:52,2.55,1.53,2.52,1.54,2.65,1.50,2.52,1.56,2.42,1.59
45,24:9:7:06:57,2.65,1.50,2.52,1.54,2.65,1.50,2.52,1.56,2.42,1.59
46,24:9:7:09:12,2.65,1.50,2.52,1.54,2.65,1.50,2.52,1.56,2.54,1.54
47,24:9:7:09:37,2.65,1.50,2.52,1.54,2.70,1.49,2.52,1.56,2.54,1.54
48,24:9:7:11:22,2.65,1.50,2.52,1.54,2.75,1.48,2.58,1.53,2.54,1.54
49,24:9:7:11:27,2.65,1.50,2.52,1.54,2.80,1.45,2.50,1.56,2.54,1.54
50,24:9:7:11:37,2.65,1.50,2.52,1.54,2.80,1.45,2.58,1.53,2.54,1.54
51,24:8:28:12:51,2.65,1.50,1.98,1.85,2.80,1.45,2.58,1.53,2.00,1.83
52,24:8:30:16:58,2.65,1.50,2.02,1.82,2.80,1.45,2.58,1.53,2.00,1.83
