,Date,Fanduel Odds[chi],Fanduel Odds[ind],Cesears Odds[chi],Cesears Odds[ind],Bet365 Odds[chi],Bet365 Odds[ind],DraftKings Odds[chi],DraftKings Odds[ind],BetMGM Odds[chi],BetMGM Odds[ind]
0,24:5:15:20:50,N/A,N/A,N/A,N/A,N/A,N/A,N/A,N/A,2.10,1.77
1,24:7:16:00:17,N/A,N/A,N/A,N/A,N/A,N/A,N/A,N/A,2.05,1.80
2,24:7:17:06:52,N/A,N/A,N/A,N/A,N/A,N/A,N/A,N/A,2.10,1.77
3,24:7:18:16:07,N/A,N/A,N/A,N/A,N/A,N/A,N/A,N/A,2.14,1.74
4,24:8:23:03:08,N/A,N/A,N/A,N/A,N/A,N/A,N/A,N/A,2.10,1.77
5,24:8:27:12:13,N/A,N/A,N/A,N/A,N/A,N/A,N/A,N/A,2.14,1.74
6,24:8:28:10:28,N/A,N/A,N/A,N/A,N/A,N/A,N/A,N/A,2.10,1.77
7,24:8:29:17:08,N/A,N/A,N/A,N/A,N/A,N/A,N/A,N/A,2.14,1.74
8,24:9:10:17:10,N/A,N/A,2.16,1.74,N/A,N/A,N/A,N/A,2.14,1.74
9,24:9:10:17:52,N/A,N/A,2.20,1.70,N/A,N/A,N/A,N/A,2.14,1.74
10,24:9:11:02:47,N/A,N/A,2.20,1.70,2.20,1.71,N/A,N/A,2.14,1.74
11,24:9:15:06:24,N/A,N/A,2.20,1.70,2.15,1.74,N/A,N/A,2.14,1.74
12,24:9:15:18:29,N/A,N/A,2.20,1.70,2.15,1.74,N/A,N/A,1.98,1.85
13,24:9:15:18:39,2.00,1.83,2.20,1.70,2.15,1.74,N/A,N/A,1.98,1.85
14,24:9:15:18:59,2.00,1.83,2.08,1.79,2.15,1.74,N/A,N/A,1.98,1.85
15,24:9:15:19:04,2.00,1.83,2.02,1.83,2.15,1.74,N/A,N/A,1.98,1.85
16,24:9:15:19:34,2.00,1.83,2.02,1.83,2.05,1.80,N/A,N/A,1.98,1.85
17,24:9:16:02:24,2.00,1.83,2.02,1.83,2.00,1.83,N/A,N/A,1.98,1.85
18,24:9:16:09:45,2.00,1.83,2.02,1.83,2.00,1.83,2.00,1.83,1.98,1.85
19,24:9:16:09:55,2.00,1.83,2.00,1.85,2.00,1.83,2.00,1.83,1.98,1.85
20,24:9:16:11:00,2.00,1.83,2.02,1.83,2.00,1.83,2.00,1.83,1.98,1.85
21,24:9:16:11:05,2.00,1.83,2.02,1.83,2.00,1.83,2.05,1.80,1.98,1.85
22,24:9:16:11:45,2.00,1.83,2.00,1.85,2.00,1.83,2.05,1.80,1.98,1.85
23,24:9:16:11:50,2.00,1.83,2.02,1.83,2.00,1.83,2.05,1.80,1.98,1.85
24,24:9:16:11:55,2.00,1.83,2.02,1.85,2.00,1.83,2.05,1.80,1.98,1.85
25,24:9:16:12:13,2.00,1.83,2.02,1.83,2.00,1.83,2.05,1.80,1.98,1.85
26,24:9:16:12:30,2.00,1.83,2.04,1.82,2.00,1.83,2.05,1.80,1.98,1.85
27,24:9:16:14:20,2.00,1.83,2.04,1.82,2.00,1.83,2.00,1.83,1.98,1.85
28,24:9:16:14:30,2.00,1.83,2.04,1.82,2.05,1.80,2.00,1.83,1.98,1.85
29,24:9:16:14:35,2.00,1.83,2.04,1.82,2.05,1.80,2.05,1.80,1.98,1.85
30,24:9:16:14:45,2.00,1.83,2.04,1.82,2.05,1.80,2.05,1.80,2.05,1.80
31,24:9:16:16:00,2.05,1.80,2.04,1.82,2.05,1.80,2.05,1.80,2.05,1.80
32,24:9:16:19:43,2.05,1.80,2.10,1.77,2.05,1.80,2.05,1.80,2.10,1.77
33,24:9:16:22:20,2.05,1.80,2.10,1.77,2.05,1.80,2.10,1.77,2.10,1.77
34,24:9:17:02:25,2.05,1.80,2.10,1.77,2.10,1.77,2.10,1.77,2.10,1.77
35,24:9:17:07:55,2.05,1.80,2.10,1.77,2.10,1.77,2.10,1.77,2.05,1.80
36,24:9:17:08:40,2.05,1.80,2.10,1.77,2.10,1.77,2.05,1.80,2.05,1.80
37,24:9:17:09:46,2.05,1.80,2.10,1.77,2.05,1.80,2.05,1.80,2.05,1.80
38,24:9:17:09:55,2.05,1.80,2.10,1.77,2.05,1.80,2.10,1.77,2.10,1.77
39,24:9:17:10:35,2.05,1.80,2.10,1.77,2.05,1.80,2.05,1.80,2.10,1.77
40,24:9:17:11:05,2.05,1.80,2.12,1.76,2.05,1.80,2.05,1.80,2.10,1.77
41,24:9:17:11:15,2.05,1.80,2.12,1.76,2.05,1.80,2.05,1.80,2.05,1.80
42,24:9:17:11:20,2.00,1.83,2.00,1.85,2.05,1.80,2.05,1.80,1.98,1.85
43,24:9:17:11:26,2.00,1.83,2.00,1.85,1.95,1.87,2.00,1.83,1.98,1.85
44,24:9:17:13:05,2.00,1.83,2.00,1.85,1.95,1.87,2.00,1.83,1.95,1.87
45,24:9:17:13:20,2.00,1.83,2.00,1.85,1.95,1.87,1.95,1.87,1.95,1.87
46,24:9:17:13:50,2.00,1.83,2.00,1.85,1.95,1.87,2.00,1.83,2.00,1.83
47,24:9:17:15:20,2.00,1.83,2.00,1.85,1.95,1.87,2.00,1.83,1.98,1.85
48,24:9:17:16:30,2.00,1.83,2.04,1.82,1.95,1.87,2.00,1.83,1.98,1.85
49,24:9:18:01:00,2.00,1.83,2.06,1.81,1.95,1.87,2.00,1.83,1.98,1.85
50,24:9:18:03:55,2.00,1.83,2.06,1.81,2.00,1.83,2.00,1.83,1.98,1.85
51,24:9:18:05:46,2.00,1.83,2.06,1.81,2.00,1.83,2.00,1.83,2.00,1.83
52,24:9:18:07:10,2.00,1.83,2.02,1.83,2.00,1.83,2.00,1.83,2.00,1.83
53,24:9:18:12:34,2.00,1.83,2.02,1.83,2.00,1.83,2.00,1.83,2.02,1.82
54,24:9:18:16:27,2.00,1.83,2.02,1.83,2.00,1.83,2.00,1.83,2.00,1.83
55,24:9:18:18:57,2.00,1.83,2.04,1.82,2.00,1.83,2.00,1.83,2.00,1.83
56,24:9:18:20:52,2.00,1.83,2.04,1.82,2.00,1.83,2.05,1.80,2.00,1.83
57,24:9:18:21:47,2.00,1.83,2.04,1.82,2.00,1.83,2.05,1.80,2.02,1.82
