,Date,Fanduel Odds[cle],Fanduel Odds[was],Cesears Odds[cle],Cesears Odds[was],Bet365 Odds[cle],Bet365 Odds[was],DraftKings Odds[cle],DraftKings Odds[was],BetMGM Odds[cle],BetMGM Odds[was]
0,24:10:1:07:36,N/A,N/A,2.44,1.58,N/A,N/A,N/A,N/A,N/A,N/A
1,24:10:1:23:31,N/A,N/A,2.44,1.58,N/A,N/A,N/A,N/A,2.40,1.60
2,24:10:2:11:31,N/A,N/A,2.44,1.57,N/A,N/A,N/A,N/A,2.40,1.60
3,24:10:2:11:46,N/A,N/A,2.44,1.58,N/A,N/A,N/A,N/A,2.40,1.60
4,24:10:2:13:36,N/A,N/A,2.42,1.60,2.40,1.61,N/A,N/A,2.40,1.60
5,24:10:2:13:41,N/A,N/A,2.42,1.60,2.45,1.59,N/A,N/A,2.40,1.60
6,24:10:2:17:02,N/A,N/A,2.42,1.60,2.45,1.59,N/A,N/A,2.42,1.59
7,24:10:2:19:16,N/A,N/A,2.42,1.60,2.45,1.59,N/A,N/A,2.40,1.60
8,24:5:15:21:40,N/A,N/A,2.42,1.60,2.45,1.59,N/A,N/A,1.70,2.20
9,24:5:16:10:55,N/A,N/A,2.42,1.60,2.45,1.59,N/A,N/A,1.65,2.30
10,24:5:17:14:40,N/A,N/A,2.42,1.60,2.45,1.59,1.53,2.58,1.65,2.30
11,24:7:15:09:37,N/A,N/A,2.42,1.60,2.45,1.59,1.56,2.52,1.65,2.30
12,24:7:18:16:07,N/A,N/A,2.42,1.60,2.45,1.59,1.56,2.52,1.60,2.40
13,24:8:19:15:56,N/A,N/A,2.42,1.60,2.45,1.59,1.56,2.52,1.62,2.36
14,24:8:28:09:08,N/A,N/A,2.42,1.60,2.45,1.59,1.56,2.52,1.60,2.40
15,24:8:29:16:53,N/A,N/A,2.42,1.60,2.45,1.59,1.56,2.52,1.62,2.36
16,24:9:24:15:36,N/A,N/A,1.86,1.98,2.45,1.59,1.56,2.52,1.62,2.36
17,24:9:24:15:41,N/A,N/A,1.86,1.98,2.45,1.59,1.56,2.52,1.98,1.85
18,24:9:24:15:51,N/A,N/A,1.91,1.94,2.45,1.59,1.56,2.52,1.98,1.85
19,24:9:24:16:01,N/A,N/A,1.91,1.94,1.91,1.91,1.56,2.52,1.98,1.85
20,24:9:26:13:31,N/A,N/A,1.91,1.94,1.91,1.91,1.56,2.52,2.00,1.83
21,24:9:29:06:11,N/A,N/A,1.91,1.94,1.95,1.87,1.56,2.52,2.00,1.83
22,24:9:29:18:51,N/A,N/A,1.91,1.94,1.95,1.87,1.56,2.52,2.24,1.68
23,24:9:29:19:11,N/A,N/A,1.91,1.94,1.95,1.87,1.56,2.52,2.40,1.60
24,24:9:29:19:16,2.35,1.61,1.91,1.94,1.95,1.87,1.56,2.52,2.40,1.60
25,24:9:29:19:21,2.55,1.53,2.34,1.63,1.95,1.87,1.56,2.52,2.40,1.60
26,24:9:29:19:26,2.55,1.53,2.38,1.61,2.40,1.61,1.56,2.52,2.40,1.60
27,24:9:29:19:31,2.55,1.54,2.42,1.60,2.45,1.59,1.56,2.52,2.42,1.59
28,24:9:29:19:41,2.55,1.54,2.42,1.60,2.45,1.59,2.50,1.56,2.42,1.59
29,24:9:29:19:56,2.55,1.54,2.42,1.60,2.55,1.54,2.50,1.56,2.42,1.59
30,24:9:29:20:06,2.55,1.54,2.42,1.60,2.55,1.54,2.50,1.56,2.64,1.51
31,24:9:29:20:16,2.55,1.54,2.42,1.60,2.55,1.54,2.58,1.53,2.64,1.51
32,24:9:29:21:21,2.55,1.54,2.42,1.60,2.55,1.54,2.50,1.56,2.50,1.56
33,24:9:29:23:56,2.55,1.54,2.36,1.62,2.55,1.54,2.50,1.56,2.50,1.56
34,24:9:30:00:46,2.55,1.54,2.36,1.62,2.55,1.54,2.58,1.53,2.50,1.56
35,24:9:30:08:36,2.55,1.54,2.36,1.62,2.55,1.54,2.50,1.56,2.50,1.56
36,24:9:30:09:16,2.55,1.53,2.52,1.56,2.55,1.54,2.58,1.53,2.45,1.57
37,24:9:30:10:51,2.55,1.53,2.34,1.63,2.55,1.54,2.58,1.53,2.36,1.62
38,24:9:30:10:56,2.55,1.53,2.34,1.63,2.45,1.59,2.43,1.59,2.36,1.62
39,24:9:30:11:01,2.55,1.53,2.34,1.63,2.40,1.61,2.43,1.59,2.36,1.62
40,24:9:30:11:06,2.55,1.53,2.34,1.63,2.40,1.61,2.40,1.61,2.36,1.62
41,24:9:30:11:11,2.40,1.61,2.34,1.63,2.40,1.61,2.40,1.61,2.36,1.62
42,24:9:30:11:51,2.40,1.61,2.32,1.64,2.40,1.61,2.40,1.61,2.36,1.62
43,24:9:30:15:26,2.40,1.61,2.44,1.58,2.40,1.61,2.40,1.61,2.40,1.60
44,24:9:30:15:31,2.40,1.61,2.44,1.58,2.45,1.59,2.40,1.61,2.40,1.60
45,24:9:30:15:36,2.45,1.57,2.44,1.58,2.45,1.59,2.43,1.59,2.42,1.59
46,24:9:30:18:11,2.45,1.57,2.40,1.60,2.45,1.59,2.43,1.59,2.45,1.57
