,Date,Fanduel Odds[con],Fanduel Odds[la],Cesears Odds[con],Cesears Odds[la],Bet365 Odds[con],Bet365 Odds[la],DraftKings Odds[con],DraftKings Odds[la],BetMGM Odds[con],BetMGM Odds[la]
0,24:9:8:23:24,N/A,N/A,N/A,N/A,N/A,N/A,N/A,N/A,1.19,4.90
1,24:9:8:23:59,1.18,5.00,N/A,N/A,N/A,N/A,N/A,N/A,1.19,4.90
2,24:9:9:00:04,1.18,5.00,1.17,5.20,N/A,N/A,N/A,N/A,1.19,4.90
3,24:9:9:00:09,1.18,5.00,1.17,5.20,1.18,5.00,N/A,N/A,1.19,4.90
4,24:9:9:00:19,1.18,5.00,1.17,5.20,1.18,5.00,1.18,5.00,1.19,4.90
5,24:9:9:07:29,1.18,5.00,1.17,5.20,1.17,5.25,1.18,5.00,1.19,4.90
6,24:9:9:09:09,1.18,5.00,1.18,4.90,1.17,5.25,1.18,5.00,1.19,4.90
7,24:9:9:09:42,1.18,5.00,1.17,5.10,1.17,5.25,1.18,5.00,1.19,4.90
8,24:9:9:13:17,1.17,5.25,1.17,5.10,1.17,5.25,1.18,5.00,1.19,4.90
9,24:9:9:15:12,1.17,5.25,1.18,4.90,1.17,5.25,1.18,5.00,1.19,4.90
10,24:9:9:17:12,1.17,5.25,1.18,4.90,1.17,5.25,1.18,5.00,1.19,5.00
11,24:9:9:19:12,1.17,5.25,1.18,4.90,1.18,5.00,1.18,5.00,1.19,5.00
12,24:9:9:19:52,1.17,5.25,1.18,4.90,1.18,5.00,1.18,5.00,1.19,4.90
13,24:9:9:20:30,1.18,5.00,1.18,4.90,1.18,5.00,1.18,5.00,1.19,4.90
14,24:9:9:21:03,1.18,5.00,1.21,4.50,1.18,5.00,1.18,5.00,1.19,4.90
15,24:9:9:21:52,1.18,5.00,1.21,4.50,1.18,5.00,1.21,4.60,1.19,4.90
16,24:9:9:21:57,1.18,5.00,1.21,4.50,1.19,4.90,1.21,4.60,1.19,4.90
17,24:9:9:22:47,1.18,5.00,1.21,4.50,1.19,4.90,1.21,4.60,1.20,4.80
18,24:9:9:22:57,1.18,5.00,1.20,4.60,1.19,4.90,1.21,4.60,1.20,4.80
19,24:9:9:23:12,1.18,5.00,1.20,4.60,1.19,4.90,1.21,4.60,1.21,4.70
20,24:9:10:00:06,1.18,5.00,1.20,4.60,1.18,5.00,1.21,4.60,1.20,4.80
21,24:9:10:00:12,1.18,5.00,1.21,4.50,1.18,5.00,1.21,4.60,1.20,4.80
22,24:9:10:00:37,1.18,5.00,1.21,4.40,1.18,5.00,1.21,4.60,1.20,4.80
23,24:9:10:03:32,1.18,5.00,1.20,4.60,1.18,5.00,1.21,4.60,1.20,4.80
24,24:9:10:04:12,1.18,5.00,1.20,4.60,1.18,5.00,1.21,4.60,1.19,4.90
25,24:9:10:06:12,1.18,5.00,1.20,4.60,1.18,5.00,1.21,4.60,1.19,5.00
26,24:9:10:08:27,1.18,5.00,1.17,5.10,1.18,5.00,1.21,4.60,1.19,5.00
27,24:9:10:09:17,1.18,5.00,1.13,5.90,1.17,5.50,1.21,4.60,1.16,5.55
28,24:9:10:09:22,1.15,5.50,1.15,5.40,1.17,5.50,1.21,4.60,1.16,5.55
29,24:9:10:09:32,1.15,5.50,1.15,5.40,1.17,5.50,1.17,5.30,1.16,5.55
30,24:9:10:09:52,1.15,5.75,1.15,5.40,1.17,5.50,1.17,5.30,1.16,5.55
31,24:9:10:10:27,1.14,6.00,1.15,5.40,1.17,5.50,1.17,5.30,1.16,5.55
32,24:9:10:10:42,1.15,5.50,1.15,5.40,1.17,5.50,1.17,5.30,1.16,5.55
33,24:9:10:11:12,1.15,5.50,1.15,5.40,1.17,5.50,1.17,5.30,1.15,5.70
34,24:9:10:11:22,1.15,5.50,1.14,5.70,1.17,5.50,1.17,5.30,1.15,5.70
35,24:9:10:11:32,1.15,5.50,1.16,5.30,1.17,5.50,1.15,5.60,1.15,5.70
36,24:9:10:12:17,1.15,5.50,1.16,5.30,1.15,5.75,1.15,5.60,1.15,5.70
37,24:9:10:12:22,1.15,5.50,1.14,5.70,1.15,5.75,1.15,5.60,1.15,5.70
38,24:9:10:14:12,1.14,6.00,1.14,5.70,1.15,5.75,1.15,5.60,1.15,5.70
39,24:9:10:14:32,1.14,6.00,1.15,5.40,1.15,5.75,1.15,5.60,1.15,5.70
40,24:9:10:14:57,1.15,5.50,1.15,5.40,1.15,5.75,1.15,5.60,1.15,5.70
41,24:9:10:16:22,1.15,5.50,1.14,5.70,1.15,5.75,1.15,5.60,1.15,5.70
42,24:9:10:16:27,1.15,5.50,1.13,5.90,1.15,5.75,1.15,5.60,1.15,5.70
43,24:9:10:16:41,1.14,6.00,1.13,5.90,1.15,5.75,1.15,5.60,1.15,5.70
44,24:9:10:16:47,1.14,6.00,1.13,5.90,1.15,5.75,1.15,5.60,1.15,5.90
