,Date,Fanduel Odds[dal],Fanduel Odds[cle],Cesears Odds[dal],Cesears Odds[cle],Bet365 Odds[dal],Bet365 Odds[cle],DraftKings Odds[dal],DraftKings Odds[cle],BetMGM Odds[dal],BetMGM Odds[cle]
0,24:7:2:15:09,N/A,N/A,N/A,N/A,N/A,N/A,2.00,1.83,N/A,N/A
1,24:8:5:12:51,2.00,1.83,N/A,N/A,N/A,N/A,2.00,1.83,N/A,N/A
2,24:8:7:11:26,2.40,1.57,N/A,N/A,N/A,N/A,2.00,1.83,N/A,N/A
3,24:8:7:11:31,2.05,1.80,N/A,N/A,N/A,N/A,2.00,1.83,N/A,N/A
4,24:8:7:12:11,2.05,1.80,N/A,N/A,N/A,N/A,2.00,1.83,2.10,1.77
5,24:9:1:06:28,2.05,1.80,N/A,N/A,N/A,N/A,2.00,1.83,2.20,1.70
6,24:9:1:10:58,2.05,1.80,N/A,N/A,2.25,1.67,2.00,1.83,2.20,1.70
7,24:9:1:11:33,2.05,1.80,2.20,1.70,2.25,1.67,2.00,1.83,2.20,1.70
8,24:9:2:13:08,2.05,1.80,2.18,1.72,2.25,1.67,2.00,1.83,2.20,1.70
9,24:9:2:17:03,2.05,1.80,2.18,1.72,2.25,1.67,2.00,1.83,2.14,1.74
10,24:9:2:18:13,2.15,1.71,2.18,1.72,2.25,1.67,2.00,1.83,2.14,1.74
11,24:9:3:12:41,2.15,1.71,2.20,1.70,2.25,1.67,2.00,1.83,2.14,1.74
12,24:9:4:01:11,2.15,1.71,2.22,1.69,2.25,1.67,2.00,1.83,2.14,1.74
13,24:9:4:08:46,2.20,1.69,2.22,1.69,2.25,1.67,2.00,1.83,2.14,1.74
14,24:9:4:10:24,2.20,1.69,2.22,1.69,2.20,1.71,2.00,1.83,2.14,1.74
15,24:9:4:13:52,2.20,1.69,2.18,1.72,2.20,1.71,2.00,1.83,2.14,1.74
16,24:9:5:03:12,2.10,1.74,2.18,1.72,2.20,1.71,2.00,1.83,2.14,1.74
17,24:9:5:07:20,2.10,1.74,2.20,1.70,2.20,1.71,2.00,1.83,2.14,1.74
18,24:9:5:11:47,2.10,1.74,2.20,1.70,2.20,1.71,2.00,1.83,2.10,1.77
19,24:9:5:13:37,2.10,1.74,2.18,1.74,2.20,1.71,2.00,1.83,2.10,1.77
20,24:9:5:15:02,2.10,1.74,2.18,1.74,2.20,1.71,2.00,1.83,2.14,1.74
21,24:9:6:16:28,2.10,1.74,2.18,1.74,2.20,1.71,2.00,1.83,2.10,1.77
22,24:9:7:09:48,2.10,1.74,2.18,1.74,2.20,1.71,2.10,1.77,2.10,1.77
23,24:9:7:16:38,2.10,1.74,2.18,1.74,2.20,1.71,2.10,1.77,2.05,1.80
24,24:9:7:17:15,2.10,1.74,2.18,1.74,2.20,1.71,2.10,1.77,2.10,1.77
25,24:9:7:22:13,2.10,1.74,2.18,1.74,2.20,1.71,2.15,1.74,2.10,1.77
26,24:9:7:23:48,2.10,1.74,2.18,1.74,2.20,1.71,2.10,1.77,2.10,1.77
27,24:9:8:02:33,2.10,1.74,2.18,1.74,2.20,1.71,2.10,1.77,2.05,1.80
28,24:9:8:03:33,2.10,1.74,2.18,1.74,2.20,1.71,2.10,1.77,2.10,1.77
29,24:9:8:04:23,2.10,1.74,2.18,1.74,2.20,1.71,2.15,1.74,2.10,1.77
30,24:9:8:05:53,2.10,1.74,2.18,1.74,2.15,1.74,2.15,1.74,2.10,1.77
31,24:9:8:08:18,2.10,1.77,2.18,1.74,2.15,1.74,2.15,1.74,2.10,1.77
32,24:9:8:09:23,2.10,1.77,2.18,1.74,2.15,1.74,2.15,1.74,2.14,1.74
33,24:9:8:09:43,2.10,1.77,2.18,1.74,2.15,1.74,2.15,1.74,2.10,1.77
34,24:9:8:09:48,2.10,1.77,2.18,1.72,2.15,1.74,2.15,1.74,2.10,1.77
35,24:9:8:10:28,2.10,1.77,2.14,1.75,2.15,1.74,2.15,1.74,2.10,1.77
36,24:9:8:11:28,2.10,1.77,2.14,1.75,2.10,1.77,2.15,1.74,2.10,1.77
37,24:9:8:11:33,2.10,1.77,2.14,1.75,2.10,1.77,2.10,1.77,2.10,1.77
38,24:9:8:11:43,2.10,1.77,2.10,1.77,2.10,1.77,2.10,1.77,2.10,1.77
39,24:9:8:13:49,2.10,1.77,2.10,1.77,2.10,1.77,2.15,1.74,2.10,1.77
40,24:9:8:14:33,2.10,1.77,2.10,1.77,2.15,1.74,2.15,1.74,2.10,1.77
41,24:9:8:14:38,2.10,1.77,2.10,1.77,2.15,1.74,2.18,1.71,2.10,1.77
42,24:9:8:14:43,2.10,1.77,2.10,1.77,2.15,1.74,2.18,1.71,2.14,1.74
43,24:9:8:14:53,2.10,1.77,2.18,1.72,2.15,1.74,2.18,1.71,2.14,1.74
44,24:5:14:15:41,1.83,2.00,2.18,1.72,1.87,1.95,2.18,1.71,2.14,1.74
45,24:5:14:15:46,1.83,2.00,1.89,1.96,1.87,1.95,1.91,1.91,1.95,1.87
46,24:5:15:07:56,1.83,2.00,1.89,1.96,1.80,2.05,1.91,1.91,1.95,1.87
47,24:5:15:21:05,1.83,2.00,1.89,1.96,1.83,2.00,1.91,1.91,1.95,1.87
48,24:5:15:21:15,1.83,2.00,1.89,1.96,1.83,2.00,1.91,1.91,1.91,1.91
49,24:5:15:21:20,1.83,2.00,1.89,1.96,1.83,2.00,1.91,1.91,1.93,1.89
50,24:5:16:08:25,1.83,2.00,1.89,1.96,1.83,2.00,1.83,2.00,1.93,1.89
51,24:5:17:03:15,1.83,2.00,1.89,1.96,1.83,2.00,1.80,2.05,1.93,1.89
52,24:5:17:21:00,1.83,2.00,1.89,1.96,1.83,2.00,1.80,2.05,1.89,1.93
53,24:5:18:08:45,1.83,2.00,1.89,1.96,1.83,2.00,1.83,2.00,1.89,1.93
54,24:6:13:11:00,1.83,2.00,1.89,1.96,1.83,2.00,1.80,2.05,1.89,1.93
55,24:6:16:15:45,1.83,2.00,1.89,1.96,1.87,1.95,1.91,1.91,1.89,1.93
56,24:6:24:20:48,1.83,2.00,1.89,1.96,1.80,2.05,1.91,1.91,1.89,1.93
57,24:6:28:00:47,1.83,2.00,1.89,1.96,1.80,2.05,1.80,2.05,1.89,1.93
58,24:6:28:08:37,1.83,2.00,1.93,1.93,1.80,2.05,1.80,2.05,1.89,1.93
59,24:6:28:09:47,1.83,2.00,1.93,1.93,1.83,2.00,1.83,2.00,1.89,1.93
60,24:6:28:10:02,1.83,2.00,1.93,1.93,1.87,1.95,1.83,2.00,1.89,1.93
61,24:6:28:10:07,1.87,1.95,1.98,1.86,1.87,1.95,1.91,1.91,1.89,1.93
62,24:6:28:10:12,1.87,1.95,2.00,1.85,1.95,1.87,1.91,1.91,1.89,1.93
63,24:6:28:11:07,1.87,1.95,2.00,1.85,1.95,1.87,1.95,1.87,1.89,1.93
64,24:6:28:13:02,1.91,1.91,2.00,1.85,1.95,1.87,1.95,1.87,1.89,1.93
65,24:7:10:12:07,1.95,1.87,2.00,1.85,1.95,1.87,1.95,1.87,1.89,1.93
66,24:7:17:22:31,1.95,1.87,2.00,1.85,1.95,1.87,1.95,1.87,1.91,1.91
67,24:7:18:16:07,1.95,1.87,2.00,1.85,1.95,1.87,1.95,1.87,2.05,1.80
68,24:7:19:14:37,1.95,1.87,2.00,1.85,1.95,1.87,2.10,1.77,2.05,1.80
69,24:7:20:11:02,1.95,1.87,2.00,1.85,1.95,1.87,2.00,1.83,2.05,1.80
70,24:7:28:20:10,1.95,1.87,2.00,1.85,2.00,1.83,2.05,1.80,2.05,1.80
71,24:8:12:13:46,1.95,1.87,2.00,1.85,2.05,1.80,2.10,1.77,2.05,1.80
72,24:8:19:13:01,1.95,1.87,2.00,1.85,2.05,1.80,2.10,1.77,2.14,1.74
73,24:8:19:15:56,1.95,1.87,2.00,1.85,2.05,1.80,2.10,1.77,2.10,1.77
74,24:8:19:22:11,1.95,1.87,2.08,1.79,2.05,1.80,2.10,1.77,2.10,1.77
75,24:8:21:18:03,1.95,1.87,2.12,1.76,2.10,1.77,2.10,1.77,2.14,1.74
76,24:8:21:18:08,1.95,1.87,2.12,1.76,2.10,1.77,2.15,1.74,2.14,1.74
77,24:8:22:20:58,2.10,1.77,2.12,1.76,2.10,1.77,2.15,1.74,2.14,1.74
78,24:8:25:00:38,2.20,1.71,2.12,1.76,2.10,1.77,2.15,1.74,2.14,1.74
79,24:8:26:16:08,2.20,1.71,2.12,1.76,2.10,1.77,2.15,1.74,2.10,1.77
80,24:8:26:17:53,2.20,1.71,2.12,1.76,2.10,1.77,2.15,1.74,2.14,1.74
81,24:8:26:18:14,2.20,1.71,2.14,1.75,2.10,1.77,2.15,1.74,2.14,1.74
82,24:8:26:18:18,2.20,1.71,2.18,1.72,2.15,1.74,2.15,1.74,2.14,1.74
83,24:8:27:03:43,2.20,1.71,2.18,1.72,2.20,1.71,2.15,1.74,2.14,1.74
84,24:8:28:04:43,2.20,1.71,2.18,1.72,2.20,1.71,2.22,1.69,2.14,1.74
85,24:8:29:10:53,2.20,1.69,2.18,1.72,2.20,1.71,2.22,1.69,2.14,1.74
86,24:8:29:21:03,2.20,1.69,2.18,1.72,2.20,1.71,2.15,1.74,2.14,1.74
