,Date,Fanduel Odds[dal],Fanduel Odds[chi],Cesears Odds[dal],Cesears Odds[chi],Bet365 Odds[dal],Bet365 Odds[chi],DraftKings Odds[dal],DraftKings Odds[chi],BetMGM Odds[dal],BetMGM Odds[chi]
0,24:9:7:15:51,N/A,N/A,1.93,1.89,N/A,N/A,N/A,N/A,N/A,N/A
1,24:9:7:17:29,N/A,N/A,1.98,1.83,N/A,N/A,N/A,N/A,N/A,N/A
2,24:9:7:17:44,N/A,N/A,1.98,1.83,N/A,N/A,N/A,N/A,2.00,1.83
3,24:9:7:17:54,N/A,N/A,1.98,1.83,1.95,1.87,1.95,1.87,2.00,1.83
4,24:9:7:18:04,N/A,N/A,1.93,1.89,1.95,1.87,1.95,1.87,2.00,1.83
5,24:9:7:18:09,N/A,N/A,1.93,1.89,2.05,1.80,1.95,1.87,2.00,1.83
6,24:9:7:18:21,N/A,N/A,1.93,1.89,2.05,1.80,2.00,1.83,1.93,1.89
7,24:9:7:18:24,N/A,N/A,1.93,1.89,2.05,1.80,2.00,1.83,1.89,1.93
8,24:9:7:18:29,N/A,N/A,1.87,1.95,1.87,1.95,2.00,1.83,1.83,2.00
9,24:9:7:18:39,N/A,N/A,1.87,1.95,1.87,1.95,1.77,2.10,1.83,2.00
10,24:9:7:18:55,N/A,N/A,1.87,1.95,1.87,1.95,1.77,2.10,1.80,2.05
11,24:9:7:18:59,N/A,N/A,1.82,2.00,1.77,2.10,1.77,2.10,1.80,2.05
12,24:9:7:19:04,N/A,N/A,1.82,2.00,1.77,2.10,1.71,2.18,1.80,2.05
13,24:9:7:19:10,N/A,N/A,1.82,2.00,1.77,2.10,1.71,2.18,1.77,2.10
14,24:9:7:19:20,N/A,N/A,1.71,2.14,1.77,2.10,1.71,2.18,1.74,2.14
15,24:9:7:20:44,N/A,N/A,1.71,2.14,1.77,2.10,1.71,2.18,1.70,2.20
16,24:9:7:21:14,N/A,N/A,1.71,2.14,1.74,2.15,1.67,2.26,1.70,2.20
17,24:9:7:21:19,N/A,N/A,1.62,2.32,1.74,2.15,1.67,2.26,1.68,2.24
18,24:9:7:21:24,N/A,N/A,1.62,2.32,1.65,2.30,1.67,2.26,1.68,2.24
19,24:9:7:21:29,N/A,N/A,1.60,2.36,1.61,2.40,1.67,2.26,1.62,2.36
20,24:9:7:21:34,N/A,N/A,1.60,2.36,1.61,2.40,1.67,2.26,1.57,2.45
21,24:9:7:21:42,N/A,N/A,1.51,2.58,1.61,2.40,1.57,2.48,1.54,2.54
22,24:9:7:22:06,N/A,N/A,1.51,2.58,1.61,2.40,1.57,2.48,1.51,2.64
23,24:9:7:22:13,N/A,N/A,1.51,2.58,1.61,2.40,1.57,2.48,1.49,2.70
24,24:9:7:22:44,1.57,2.45,1.51,2.58,1.56,2.50,1.57,2.48,1.60,2.40
25,24:9:7:23:14,1.57,2.45,1.52,2.56,1.56,2.50,1.57,2.48,1.60,2.40
26,24:9:7:23:34,1.57,2.45,1.52,2.56,1.56,2.50,1.56,2.52,1.60,2.40
27,24:9:8:02:09,1.57,2.45,1.49,2.60,1.56,2.50,1.56,2.52,1.60,2.40
28,24:9:8:02:19,1.57,2.45,1.53,2.52,1.56,2.50,1.56,2.52,1.60,2.40
29,24:9:8:03:09,1.57,2.45,1.53,2.52,1.56,2.50,1.56,2.50,1.60,2.40
30,24:9:8:03:36,1.57,2.45,1.52,2.54,1.56,2.50,1.56,2.50,1.60,2.40
31,24:9:8:05:04,1.57,2.45,1.52,2.54,1.54,2.55,1.56,2.52,1.60,2.40
32,24:9:8:08:07,1.57,2.45,1.52,2.54,1.48,2.75,1.56,2.52,1.52,2.60
33,24:9:8:08:09,1.57,2.45,1.52,2.54,1.48,2.75,1.49,2.70,1.52,2.60
34,24:9:8:08:19,1.54,2.55,1.52,2.54,1.48,2.75,1.49,2.70,1.52,2.60
35,24:9:8:08:44,1.54,2.55,1.52,2.54,1.49,2.70,1.49,2.70,1.52,2.60
36,24:9:8:09:04,1.50,2.65,1.52,2.54,1.49,2.70,1.49,2.70,1.52,2.60
37,24:9:8:09:14,1.50,2.65,1.52,2.58,1.48,2.75,1.53,2.58,1.52,2.60
38,24:9:8:09:29,1.50,2.65,1.52,2.52,1.48,2.75,1.53,2.58,1.52,2.60
39,24:9:8:09:54,1.50,2.65,1.52,2.52,1.49,2.70,1.53,2.58,1.52,2.60
40,24:9:8:10:06,1.50,2.65,1.54,2.48,1.53,2.60,1.53,2.58,1.52,2.60
41,24:9:8:10:09,1.50,2.65,1.53,2.52,1.53,2.60,1.56,2.52,1.52,2.60
42,24:9:8:11:09,1.53,2.55,1.53,2.52,1.53,2.60,1.56,2.52,1.52,2.60
43,24:9:8:11:19,1.53,2.55,1.56,2.44,1.53,2.60,1.56,2.52,1.52,2.60
44,24:9:8:11:24,1.53,2.55,1.57,2.42,1.53,2.60,1.56,2.52,1.52,2.60
45,24:9:8:13:24,1.53,2.55,1.53,2.52,1.53,2.60,1.56,2.52,1.56,2.50
46,24:9:8:13:29,1.53,2.55,1.53,2.52,1.53,2.60,1.56,2.50,1.56,2.50
47,24:9:8:13:49,1.53,2.55,1.53,2.52,1.53,2.60,1.56,2.50,1.54,2.54
48,24:9:8:13:54,1.53,2.55,1.53,2.52,1.53,2.60,1.56,2.52,1.54,2.54
49,24:9:8:14:09,1.53,2.55,1.52,2.54,1.53,2.60,1.56,2.52,1.54,2.54
50,24:9:8:15:04,1.53,2.55,1.59,2.38,1.53,2.60,1.56,2.52,1.54,2.54
