,Date,Fanduel Odds[den],Fanduel Odds[sea],Cesears Odds[den],Cesears Odds[sea],Bet365 Odds[den],Bet365 Odds[sea],DraftKings Odds[den],DraftKings Odds[sea],BetMGM Odds[den],BetMGM Odds[sea]
0,24:6:5:13:30,N/A,N/A,N/A,N/A,2.90,1.43,N/A,N/A,N/A,N/A
1,24:6:8:13:40,N/A,N/A,2.94,1.43,2.90,1.43,N/A,N/A,N/A,N/A
2,24:8:4:13:01,N/A,N/A,2.94,1.43,2.90,1.43,2.92,1.43,N/A,N/A
3,24:8:5:09:41,N/A,N/A,2.94,1.43,3.00,1.41,2.96,1.42,N/A,N/A
4,24:8:7:17:46,2.70,1.48,2.94,1.43,3.00,1.41,2.96,1.42,N/A,N/A
5,24:9:1:10:58,2.70,1.48,2.94,1.43,2.95,1.42,2.96,1.42,N/A,N/A
6,24:9:2:01:58,2.70,1.48,3.20,1.37,2.95,1.42,2.96,1.42,N/A,N/A
7,24:9:2:11:43,2.70,1.48,3.20,1.37,2.95,1.42,3.05,1.40,3.00,1.41
8,24:9:2:11:53,2.70,1.48,3.20,1.37,3.05,1.40,3.05,1.40,3.00,1.41
9,24:9:2:12:03,2.70,1.48,3.20,1.37,3.05,1.40,3.05,1.40,3.05,1.40
10,24:9:2:15:15,2.70,1.48,3.20,1.37,3.05,1.40,3.05,1.40,3.10,1.39
11,24:9:3:01:53,2.70,1.48,3.20,1.37,3.05,1.40,3.05,1.40,3.00,1.41
12,24:9:3:10:26,2.70,1.48,3.20,1.37,3.05,1.40,3.05,1.40,2.95,1.42
13,24:9:3:15:26,2.70,1.48,3.20,1.37,3.05,1.40,3.05,1.40,3.00,1.41
14,24:9:3:18:01,2.70,1.48,3.20,1.37,3.05,1.40,3.05,1.40,3.05,1.40
15,24:9:4:00:46,2.70,1.48,3.25,1.36,3.05,1.40,3.05,1.40,3.05,1.40
16,24:9:5:12:46,2.70,1.48,3.25,1.36,3.05,1.40,3.05,1.40,3.00,1.41
17,24:9:5:13:32,2.70,1.48,3.15,1.38,3.05,1.40,3.05,1.40,3.00,1.41
18,24:9:5:15:38,2.70,1.48,3.15,1.38,3.05,1.40,3.05,1.40,3.05,1.40
19,24:9:5:17:39,2.70,1.48,3.15,1.38,3.05,1.40,3.10,1.38,3.05,1.40
20,24:9:7:01:08,2.70,1.48,3.15,1.38,3.05,1.40,3.10,1.38,3.10,1.39
21,24:9:7:14:23,2.70,1.48,3.15,1.38,3.10,1.38,3.10,1.38,3.10,1.39
22,24:9:8:00:36,2.70,1.48,3.15,1.38,3.10,1.38,3.10,1.38,3.05,1.40
23,24:9:8:01:13,2.70,1.48,3.15,1.38,3.10,1.38,3.10,1.38,3.10,1.39
24,24:9:8:05:48,2.70,1.48,3.15,1.38,3.20,1.37,3.10,1.38,3.10,1.39
25,24:9:8:05:53,2.70,1.48,3.15,1.38,3.20,1.37,3.15,1.37,3.10,1.39
26,24:9:8:08:53,3.25,1.36,3.15,1.38,3.20,1.37,3.15,1.37,3.10,1.39
27,24:9:8:10:10,3.25,1.36,3.45,1.33,3.35,1.34,3.15,1.37,3.35,1.34
28,24:9:8:10:13,3.25,1.36,3.45,1.33,3.35,1.34,3.15,1.37,3.25,1.36
29,24:9:8:10:48,3.25,1.36,3.45,1.33,3.35,1.34,3.28,1.35,3.25,1.36
30,24:9:8:11:13,3.25,1.36,3.45,1.33,3.35,1.34,3.35,1.34,3.25,1.36
31,24:9:8:12:38,3.25,1.36,3.45,1.33,3.35,1.34,3.35,1.34,3.30,1.35
32,24:9:8:12:48,3.25,1.36,3.45,1.33,3.35,1.34,3.35,1.34,3.25,1.36
33,24:9:8:14:58,3.25,1.36,3.45,1.33,3.40,1.33,3.35,1.34,3.25,1.36
34,24:5:15:20:30,3.25,1.36,2.72,1.49,3.40,1.33,2.75,1.48,2.70,1.49
35,24:5:15:20:35,3.25,1.36,2.72,1.49,2.70,1.49,2.75,1.48,2.70,1.49
36,24:5:15:21:40,3.25,1.36,2.72,1.49,2.70,1.49,2.80,1.45,2.70,1.49
37,24:5:16:12:45,2.75,1.48,2.88,1.44,2.70,1.49,2.80,1.45,2.70,1.49
38,24:5:16:13:00,2.75,1.48,2.88,1.44,2.85,1.44,2.80,1.45,2.70,1.49
39,24:5:16:13:05,2.75,1.48,2.88,1.44,2.90,1.43,2.80,1.45,2.70,1.49
40,24:5:19:12:10,2.75,1.48,2.88,1.44,2.90,1.43,2.80,1.45,2.80,1.46
41,24:5:20:02:55,2.75,1.48,2.88,1.44,2.85,1.44,2.80,1.45,2.80,1.46
42,24:5:30:17:34,2.75,1.48,2.88,1.44,2.95,1.42,2.80,1.45,2.80,1.46
43,24:5:31:16:24,2.80,1.44,2.88,1.44,2.95,1.42,2.80,1.45,2.80,1.46
44,24:6:17:09:43,2.80,1.44,2.88,1.44,2.85,1.44,2.80,1.45,2.80,1.46
45,24:7:19:14:32,2.80,1.44,2.88,1.44,2.85,1.44,2.80,1.45,2.70,1.49
46,24:8:10:10:06,2.85,1.44,2.88,1.44,2.85,1.44,2.80,1.45,2.70,1.49
47,24:8:12:15:16,2.85,1.44,2.88,1.44,2.85,1.44,2.80,1.45,2.85,1.44
48,24:8:19:16:06,2.85,1.44,2.88,1.44,2.85,1.44,2.80,1.45,2.80,1.46
49,24:8:19:19:36,2.85,1.44,2.88,1.44,2.85,1.44,2.80,1.45,2.85,1.44
50,24:8:23:12:48,2.85,1.44,2.88,1.44,2.85,1.44,2.80,1.45,2.80,1.46
51,24:8:24:16:28,2.85,1.44,2.88,1.44,2.95,1.42,2.80,1.45,2.80,1.46
52,24:8:24:16:53,2.85,1.44,2.88,1.44,2.95,1.42,2.92,1.43,2.80,1.46
53,24:8:25:10:03,2.85,1.44,2.88,1.44,3.00,1.41,2.92,1.43,2.80,1.46
54,24:8:25:10:08,2.85,1.44,2.88,1.44,2.95,1.42,2.96,1.42,2.80,1.46
55,24:8:25:10:13,2.85,1.44,2.88,1.44,2.95,1.42,2.92,1.43,2.80,1.46
56,24:8:25:12:23,2.85,1.44,2.88,1.44,2.95,1.42,2.92,1.43,2.80,1.46
57,24:8:26:16:43,2.85,1.44,2.88,1.44,2.95,1.42,2.92,1.43,2.85,1.44
58,24:8:26:16:48,2.85,1.44,3.05,1.40,2.95,1.42,2.92,1.43,2.85,1.44
59,24:8:26:17:03,3.00,1.40,3.05,1.40,2.95,1.42,2.92,1.43,2.85,1.44
60,24:8:27:03:43,3.00,1.40,3.05,1.40,3.00,1.41,2.92,1.43,2.85,1.44
61,24:8:27:10:48,3.00,1.40,3.15,1.38,3.00,1.41,2.92,1.43,2.95,1.42
62,24:8:28:04:43,3.00,1.40,3.15,1.38,3.00,1.41,2.96,1.42,2.95,1.42
63,24:8:29:16:08,3.00,1.40,3.15,1.38,3.00,1.41,2.96,1.42,3.00,1.41
64,24:8:29:21:03,3.00,1.40,3.15,1.38,3.00,1.41,3.05,1.40,3.00,1.41
65,24:8:30:03:03,3.00,1.40,3.15,1.38,3.00,1.41,3.05,1.40,2.95,1.42
66,24:8:30:03:08,3.00,1.40,3.15,1.38,3.00,1.41,2.96,1.42,2.95,1.42
67,24:8:30:12:23,3.00,1.40,3.15,1.39,3.00,1.41,2.96,1.42,2.95,1.42
