,Date,Fanduel Odds[duke],Fanduel Odds[nw],Cesears Odds[duke],Cesears Odds[nw],Bet365 Odds[duke],Bet365 Odds[nw],DraftKings Odds[duke],DraftKings Odds[nw],BetMGM Odds[duke],BetMGM Odds[nw]
0,24:9:1:00:12,1.82,2.02,N/A,N/A,N/A,N/A,N/A,N/A,N/A,N/A
1,24:9:1:07:47,1.85,2.00,N/A,N/A,N/A,N/A,N/A,N/A,N/A,N/A
2,24:9:1:08:42,1.98,1.85,N/A,N/A,N/A,N/A,N/A,N/A,N/A,N/A
3,24:9:1:12:22,2.00,1.83,N/A,N/A,N/A,N/A,N/A,N/A,N/A,N/A
4,24:9:1:12:27,2.12,1.75,N/A,N/A,N/A,N/A,N/A,N/A,N/A,N/A
5,24:9:1:13:27,2.08,1.77,N/A,N/A,N/A,N/A,N/A,N/A,N/A,N/A
6,24:9:1:14:17,2.12,1.75,N/A,N/A,N/A,N/A,N/A,N/A,N/A,N/A
7,24:9:1:15:07,2.14,1.73,N/A,N/A,N/A,N/A,N/A,N/A,N/A,N/A
8,24:9:1:17:52,2.18,1.70,N/A,N/A,N/A,N/A,N/A,N/A,N/A,N/A
9,24:9:1:19:22,2.18,1.70,N/A,N/A,N/A,N/A,2.30,1.65,N/A,N/A
10,24:9:1:19:37,2.18,1.70,N/A,N/A,2.30,1.65,2.30,1.65,N/A,N/A
11,24:9:1:20:22,2.18,1.70,2.30,1.65,2.30,1.65,2.30,1.65,N/A,N/A
12,24:9:1:23:47,2.22,1.68,2.30,1.65,2.30,1.65,2.30,1.65,N/A,N/A
13,24:9:2:08:17,2.22,1.68,2.35,1.62,2.30,1.65,2.36,1.62,N/A,N/A
14,24:9:2:08:27,2.22,1.68,2.35,1.62,2.30,1.65,2.36,1.62,2.30,1.63
15,24:9:2:09:47,2.22,1.68,2.30,1.65,2.30,1.65,2.30,1.65,2.30,1.63
16,24:9:2:10:47,2.25,1.67,2.30,1.65,2.30,1.65,2.30,1.65,2.30,1.63
17,24:9:2:11:37,2.25,1.67,2.30,1.65,2.25,1.67,2.30,1.65,2.30,1.63
18,24:9:2:15:07,2.25,1.67,2.30,1.65,2.25,1.67,2.24,1.68,2.30,1.63
19,24:9:2:16:12,2.25,1.67,2.22,1.69,2.25,1.67,2.24,1.68,2.30,1.63
20,24:9:2:16:27,2.25,1.67,2.22,1.69,2.20,1.71,2.20,1.70,2.30,1.63
21,24:9:2:16:32,2.25,1.67,2.18,1.71,2.20,1.71,2.20,1.70,2.30,1.63
22,24:9:2:16:37,2.25,1.67,2.18,1.71,2.20,1.71,2.20,1.70,2.20,1.69
23,24:9:2:16:57,2.16,1.71,2.18,1.71,2.20,1.71,2.20,1.70,2.20,1.69
24,24:9:2:17:22,2.16,1.71,2.22,1.69,2.20,1.71,2.20,1.70,2.20,1.69
25,24:9:2:18:02,2.16,1.71,2.18,1.71,2.20,1.71,2.20,1.70,2.20,1.69
26,24:9:2:18:12,2.16,1.71,2.18,1.71,2.20,1.71,2.14,1.74,2.20,1.69
27,24:9:3:09:40,2.14,1.73,2.18,1.71,2.20,1.71,2.20,1.70,2.20,1.69
28,24:9:3:10:05,2.16,1.71,2.18,1.71,2.20,1.71,2.20,1.70,2.20,1.69
29,24:9:3:11:05,2.16,1.71,2.22,1.69,2.30,1.65,2.20,1.70,2.20,1.69
30,24:9:3:11:50,2.15,1.72,2.22,1.69,2.30,1.65,2.20,1.70,2.20,1.69
31,24:9:3:12:10,2.15,1.72,2.30,1.65,2.30,1.65,2.24,1.68,2.20,1.69
32,24:9:3:12:30,2.15,1.72,2.22,1.69,2.30,1.65,2.20,1.70,2.20,1.69
33,24:9:3:15:55,2.14,1.73,2.22,1.69,2.30,1.65,2.20,1.70,2.20,1.69
34,24:9:3:16:15,2.18,1.70,2.22,1.69,2.30,1.65,2.20,1.70,2.20,1.69
35,24:9:4:06:15,2.22,1.68,2.22,1.69,2.30,1.65,2.20,1.70,2.20,1.69
36,24:9:4:06:20,2.18,1.70,2.22,1.69,2.30,1.65,2.20,1.70,2.20,1.69
37,24:9:4:07:45,2.22,1.68,2.22,1.69,2.30,1.65,2.20,1.70,2.20,1.69
38,24:9:4:11:05,2.25,1.67,2.22,1.69,2.30,1.65,2.20,1.70,2.20,1.69
39,24:9:4:11:10,2.20,1.69,2.22,1.69,2.30,1.65,2.20,1.70,2.20,1.69
40,24:9:4:11:57,2.22,1.68,2.22,1.69,2.30,1.65,2.14,1.74,2.20,1.69
41,24:9:4:12:02,2.22,1.68,2.22,1.69,2.30,1.65,2.20,1.70,2.20,1.69
42,24:9:4:12:42,2.18,1.70,2.15,1.74,2.20,1.71,2.14,1.74,2.15,1.71
43,24:9:5:08:25,2.18,1.70,2.15,1.74,2.20,1.71,2.14,1.74,2.15,1.74
44,24:9:5:10:48,2.18,1.70,2.18,1.71,2.20,1.71,2.20,1.70,2.15,1.74
45,24:9:5:12:59,2.16,1.72,2.18,1.71,2.20,1.71,2.20,1.70,2.15,1.74
46,24:9:5:14:05,2.20,1.69,2.18,1.71,2.20,1.71,2.20,1.70,2.15,1.74
47,24:9:5:17:05,2.20,1.69,2.26,1.67,2.20,1.71,2.20,1.70,2.15,1.74
48,24:9:5:18:40,2.22,1.68,2.26,1.67,2.20,1.71,2.20,1.70,2.15,1.74
49,24:9:5:21:07,2.14,1.75,2.22,1.69,2.20,1.71,2.10,1.77,2.15,1.74
50,24:9:5:21:10,2.08,1.77,2.22,1.69,2.20,1.71,2.05,1.80,2.15,1.74
51,24:9:5:21:32,2.08,1.77,2.05,1.80,2.10,1.77,2.05,1.80,2.05,1.80
52,24:8:31:22:32,1.75,2.12,2.05,1.80,2.10,1.77,2.05,1.80,2.05,1.80
53,24:8:31:22:57,1.77,2.08,2.05,1.80,2.10,1.77,2.05,1.80,2.05,1.80
