,Date,Fanduel Odds[gb],Fanduel Odds[phi],Cesears Odds[gb],Cesears Odds[phi],Bet365 Odds[gb],Bet365 Odds[phi],DraftKings Odds[gb],DraftKings Odds[phi],BetMGM Odds[gb],BetMGM Odds[phi]
0,24:5:3:10:20,N/A,N/A,N/A,N/A,N/A,N/A,N/A,N/A,2.00,1.83
1,24:5:7:20:05,1.98,1.86,N/A,N/A,N/A,N/A,N/A,N/A,2.00,1.83
2,24:5:7:20:10,2.00,1.85,N/A,N/A,N/A,N/A,N/A,N/A,2.00,1.83
3,24:5:8:14:14,1.98,1.86,N/A,N/A,N/A,N/A,N/A,N/A,2.00,1.83
4,24:6:4:17:10,1.98,1.86,N/A,N/A,N/A,N/A,N/A,N/A,2.00,1.83
5,24:6:4:17:15,1.98,1.86,2.00,1.83,N/A,N/A,N/A,N/A,2.00,1.83
6,24:6:6:12:15,1.98,1.86,2.05,1.80,N/A,N/A,N/A,N/A,2.00,1.83
7,24:6:8:13:45,2.10,1.77,2.05,1.80,N/A,N/A,N/A,N/A,2.00,1.83
8,24:6:9:15:50,2.06,1.81,2.05,1.80,N/A,N/A,N/A,N/A,2.00,1.83
9,24:8:7:17:26,2.06,1.81,2.05,1.80,N/A,N/A,2.05,1.80,2.00,1.83
10,24:9:2:12:13,2.06,1.81,2.30,1.65,N/A,N/A,2.05,1.80,2.00,1.83
11,24:9:3:07:43,2.06,1.81,2.30,1.65,N/A,N/A,2.24,1.68,2.00,1.83
12,24:9:3:11:06,2.06,1.81,2.22,1.69,N/A,N/A,2.24,1.68,2.00,1.83
13,24:9:3:14:11,2.32,1.64,2.22,1.69,N/A,N/A,2.24,1.68,2.00,1.83
14,24:9:3:14:31,2.32,1.64,2.22,1.69,N/A,N/A,2.30,1.65,2.00,1.83
15,24:9:3:14:36,2.32,1.64,2.30,1.65,N/A,N/A,2.30,1.65,2.00,1.83
16,24:9:3:16:01,2.26,1.68,2.30,1.65,N/A,N/A,2.24,1.68,2.00,1.83
17,24:9:3:16:06,2.20,1.70,2.30,1.65,2.20,1.71,2.20,1.70,2.00,1.83
18,24:9:3:16:11,2.20,1.70,2.30,1.65,2.20,1.71,2.14,1.74,2.00,1.83
19,24:9:3:16:26,2.20,1.70,2.15,1.74,2.15,1.74,2.14,1.74,2.15,1.71
20,24:9:4:12:39,2.22,1.69,2.18,1.71,2.15,1.74,2.14,1.74,2.15,1.71
21,24:9:4:15:09,2.22,1.69,2.18,1.71,2.15,1.74,2.14,1.74,2.15,1.74
22,24:9:5:03:12,2.18,1.72,2.15,1.74,2.10,1.77,2.10,1.77,2.10,1.77
23,24:9:5:13:14,2.10,1.77,2.15,1.74,2.10,1.77,2.10,1.77,2.10,1.77
24,24:9:5:18:03,2.10,1.77,2.15,1.74,2.10,1.77,2.05,1.80,2.10,1.77
25,24:9:5:19:55,2.10,1.77,2.10,1.77,2.10,1.77,2.05,1.80,2.10,1.77
26,24:9:5:21:06,2.10,1.77,2.10,1.77,2.10,1.77,2.10,1.77,2.10,1.77
27,24:4:11:12:24,1.98,1.86,1.91,1.91,2.00,1.83,1.98,1.85,1.95,1.87
28,24:4:11:17:49,2.00,1.85,1.91,1.91,2.00,1.83,1.98,1.85,1.95,1.87
29,24:4:26:17:20,2.00,1.85,1.95,1.87,2.00,1.83,1.98,1.85,1.95,1.87
30,24:5:10:05:36,2.00,1.85,1.95,1.87,2.00,1.83,1.98,1.85,1.95,1.87
31,24:5:12:20:01,2.00,1.85,2.00,1.83,2.00,1.83,1.98,1.85,1.95,1.87
32,24:5:13:17:56,2.06,1.81,2.00,1.83,2.00,1.83,1.98,1.85,1.95,1.87
33,24:5:14:10:26,2.04,1.82,2.00,1.83,2.00,1.83,1.98,1.85,1.95,1.87
34,24:5:15:07:51,2.04,1.82,2.00,1.83,2.05,1.80,1.98,1.85,1.95,1.87
35,24:5:15:12:58,2.04,1.83,2.00,1.83,2.05,1.80,1.98,1.85,1.95,1.87
36,24:5:15:16:20,2.04,1.83,2.00,1.83,2.05,1.80,2.10,1.77,1.95,1.87
37,24:5:15:16:25,2.04,1.83,2.05,1.80,2.05,1.80,2.10,1.77,1.95,1.87
38,24:5:15:18:55,2.04,1.83,2.05,1.80,2.05,1.80,2.05,1.80,1.95,1.87
39,24:5:18:14:55,2.04,1.83,2.05,1.80,2.05,1.80,2.05,1.80,2.05,1.80
40,24:5:27:10:44,2.04,1.83,2.05,1.80,2.05,1.80,2.02,1.82,2.05,1.80
41,24:5:27:11:29,2.04,1.83,2.00,1.83,2.05,1.80,2.02,1.82,2.05,1.80
42,24:5:27:13:44,2.04,1.83,2.05,1.80,2.05,1.80,2.02,1.82,2.05,1.80
43,24:5:27:13:49,2.04,1.83,2.00,1.83,2.05,1.80,2.02,1.82,2.05,1.80
44,24:5:27:18:29,2.04,1.83,2.05,1.80,2.05,1.80,2.02,1.82,2.05,1.80
45,24:6:25:14:18,2.02,1.83,2.05,1.80,2.05,1.80,2.02,1.82,2.05,1.80
46,24:6:26:11:25,2.02,1.83,2.05,1.80,2.05,1.80,2.05,1.80,2.05,1.80
47,24:7:18:16:02,2.02,1.83,2.05,1.80,2.05,1.80,2.02,1.82,2.05,1.80
48,24:7:20:12:52,2.14,1.75,2.05,1.80,2.05,1.80,2.02,1.82,2.05,1.80
49,24:8:16:17:21,2.14,1.75,2.05,1.80,2.10,1.77,2.02,1.82,2.05,1.80
50,24:8:16:17:26,2.14,1.75,2.10,1.77,2.10,1.77,2.02,1.82,2.05,1.80
51,24:8:19:22:06,2.16,1.74,2.10,1.77,2.10,1.77,2.02,1.82,2.05,1.80
52,24:8:19:22:11,2.14,1.75,2.10,1.77,2.10,1.77,2.02,1.82,2.05,1.80
53,24:8:20:15:19,2.14,1.75,2.10,1.77,2.10,1.77,2.10,1.77,2.05,1.80
54,24:8:20:20:24,2.14,1.75,2.10,1.77,2.10,1.77,2.10,1.77,2.10,1.77
55,24:8:23:13:58,2.14,1.75,2.10,1.77,2.10,1.77,2.10,1.77,2.15,1.74
56,24:8:24:03:33,2.14,1.75,2.10,1.77,2.10,1.77,2.14,1.74,2.15,1.74
57,24:8:24:16:28,2.14,1.75,2.10,1.77,2.15,1.74,2.14,1.74,2.15,1.74
58,24:8:24:16:53,2.14,1.75,2.15,1.74,2.15,1.74,2.14,1.74,2.15,1.74
59,24:8:25:00:53,2.16,1.74,2.15,1.74,2.15,1.74,2.14,1.74,2.15,1.74
60,24:8:25:00:58,2.20,1.70,2.15,1.74,2.15,1.74,2.14,1.74,2.15,1.74
61,24:8:25:12:48,2.20,1.70,2.18,1.71,2.20,1.71,2.14,1.74,2.15,1.74
62,24:8:26:10:23,2.20,1.70,2.18,1.71,2.20,1.71,2.14,1.74,2.20,1.69
63,24:8:26:16:43,2.20,1.70,2.18,1.71,2.20,1.71,2.20,1.70,2.20,1.69
64,24:8:26:16:48,2.26,1.68,2.18,1.71,2.20,1.71,2.20,1.70,2.20,1.69
65,24:8:26:16:53,2.26,1.68,2.18,1.71,2.25,1.67,2.24,1.68,2.20,1.69
66,24:8:26:17:03,2.26,1.68,2.18,1.71,2.25,1.67,2.24,1.68,2.30,1.65
67,24:8:27:17:03,2.24,1.68,2.18,1.71,2.25,1.67,2.24,1.68,2.30,1.65
68,24:8:28:04:48,2.24,1.68,2.26,1.67,2.25,1.67,2.24,1.68,2.30,1.65
69,24:8:28:11:18,2.24,1.68,2.26,1.67,2.25,1.67,2.20,1.70,2.30,1.65
70,24:8:28:12:23,2.32,1.64,2.26,1.67,2.25,1.67,2.20,1.70,2.30,1.65
71,24:8:28:14:08,2.32,1.64,2.26,1.67,2.25,1.67,2.20,1.70,2.25,1.67
72,24:8:28:14:13,2.30,1.65,2.26,1.67,2.25,1.67,2.20,1.70,2.25,1.67
73,24:8:28:14:23,2.30,1.65,2.22,1.69,2.25,1.67,2.20,1.70,2.25,1.67
74,24:8:29:11:33,2.26,1.68,2.22,1.69,2.25,1.67,2.20,1.70,2.25,1.67
75,24:8:29:14:28,2.28,1.66,2.22,1.69,2.25,1.67,2.20,1.70,2.25,1.67
