,Date,Fanduel Odds[hou],Fanduel Odds[ind],Cesears Odds[hou],Cesears Odds[ind],Bet365 Odds[hou],Bet365 Odds[ind],DraftKings Odds[hou],DraftKings Odds[ind],BetMGM Odds[hou],BetMGM Odds[ind]
0,24:6:9:15:50,1.75,2.14,N/A,N/A,N/A,N/A,N/A,N/A,N/A,N/A
1,24:6:9:20:20,1.75,2.14,N/A,N/A,1.77,2.10,N/A,N/A,N/A,N/A
2,24:9:1:21:43,1.68,2.24,N/A,N/A,1.77,2.10,N/A,N/A,N/A,N/A
3,24:9:1:21:48,1.68,2.26,N/A,N/A,1.77,2.10,N/A,N/A,N/A,N/A
4,24:9:2:13:48,1.68,2.26,N/A,N/A,1.77,2.10,N/A,N/A,1.71,2.15
5,24:9:2:15:23,1.66,2.28,N/A,N/A,1.77,2.10,N/A,N/A,1.71,2.15
6,24:9:2:16:38,1.68,2.26,N/A,N/A,1.77,2.10,N/A,N/A,1.71,2.15
7,24:9:2:20:45,1.68,2.24,N/A,N/A,1.77,2.10,N/A,N/A,1.71,2.15
8,24:9:3:15:36,1.68,2.24,N/A,N/A,1.77,2.10,1.70,2.20,1.71,2.15
9,24:9:3:15:41,1.66,2.28,N/A,N/A,1.77,2.10,1.65,2.30,1.69,2.20
10,24:9:3:15:46,1.64,2.32,N/A,N/A,1.77,2.10,1.68,2.24,1.63,2.30
11,24:9:3:15:51,1.64,2.32,N/A,N/A,1.63,2.35,1.68,2.24,1.63,2.30
12,24:9:3:16:01,1.64,2.32,1.59,2.43,1.63,2.35,1.68,2.24,1.63,2.30
13,24:9:3:23:21,1.66,2.28,1.59,2.43,1.63,2.35,1.68,2.24,1.63,2.30
14,24:9:5:17:39,1.66,2.28,1.61,2.40,1.63,2.35,1.68,2.24,1.63,2.30
15,24:9:5:18:42,1.66,2.28,1.65,2.30,1.63,2.35,1.68,2.24,1.63,2.30
16,24:5:15:20:25,1.83,2.02,1.80,2.05,1.63,2.35,1.68,2.24,1.63,2.30
17,24:5:15:20:30,1.83,2.02,1.80,2.05,1.63,2.35,1.87,1.95,1.63,2.30
18,24:5:15:20:40,1.83,2.02,1.80,2.05,1.83,2.00,1.87,1.95,1.63,2.30
19,24:5:15:20:45,1.83,2.02,1.80,2.05,1.83,2.00,1.82,2.02,1.63,2.30
20,24:5:16:03:55,1.83,2.02,1.80,2.05,1.80,2.05,1.82,2.02,1.63,2.30
21,24:5:16:12:40,1.83,2.02,1.80,2.05,1.80,2.05,1.82,2.02,1.80,2.05
22,24:5:16:12:45,1.79,2.08,1.80,2.05,1.80,2.05,1.82,2.02,1.80,2.05
23,24:5:16:13:10,1.83,2.02,1.80,2.05,1.80,2.05,1.82,2.02,1.80,2.05
24,24:5:25:12:34,1.79,2.08,1.77,2.10,1.80,2.05,1.82,2.02,1.80,2.05
25,24:6:24:20:18,1.79,2.08,1.77,2.10,1.80,2.05,1.82,2.02,1.80,2.05
26,24:6:25:08:13,1.79,2.08,1.77,2.10,1.80,2.05,1.82,2.02,1.74,2.10
27,24:8:22:20:23,1.79,2.08,1.77,2.10,1.80,2.05,1.82,2.02,1.83,2.00
28,24:8:24:21:23,1.81,2.06,1.77,2.10,1.80,2.05,1.82,2.02,1.83,2.00
29,24:8:25:01:08,1.79,2.08,1.77,2.10,1.80,2.05,1.82,2.02,1.83,2.00
30,24:8:25:23:23,1.79,2.08,1.77,2.10,1.80,2.05,1.82,2.02,1.74,2.10
31,24:8:26:03:33,1.79,2.08,1.77,2.10,1.80,2.05,1.77,2.10,1.74,2.10
32,24:8:26:15:43,1.75,2.14,1.77,2.10,1.80,2.05,1.77,2.10,1.74,2.10
33,24:8:26:16:03,1.75,2.14,1.77,2.10,1.80,2.05,1.74,2.14,1.74,2.10
34,24:8:26:16:48,1.74,2.16,1.77,2.10,1.80,2.05,1.74,2.14,1.74,2.10
35,24:8:26:16:53,1.74,2.16,1.77,2.10,1.80,2.05,1.70,2.20,1.74,2.10
36,24:8:26:17:18,1.74,2.16,1.77,2.10,1.71,2.20,1.70,2.20,1.74,2.10
37,24:8:26:18:18,1.74,2.16,1.77,2.10,1.71,2.20,1.70,2.20,1.69,2.20
38,24:8:26:18:53,1.74,2.16,1.77,2.10,1.71,2.20,1.74,2.14,1.69,2.20
39,24:8:27:10:40,1.74,2.16,1.77,2.10,1.71,2.20,1.70,2.20,1.69,2.20
40,24:8:27:11:08,1.74,2.16,1.77,2.10,1.71,2.20,1.74,2.14,1.69,2.20
41,24:8:27:21:33,1.74,2.16,1.77,2.10,1.71,2.20,1.70,2.20,1.69,2.20
42,24:8:28:04:48,1.74,2.16,1.71,2.18,1.71,2.20,1.70,2.20,1.69,2.20
43,24:8:28:10:33,1.72,2.18,1.71,2.18,1.71,2.20,1.70,2.20,1.69,2.20
44,24:8:28:10:38,1.70,2.20,1.71,2.18,1.71,2.20,1.70,2.20,1.69,2.20
45,24:8:29:06:28,1.70,2.20,1.71,2.18,1.71,2.20,1.74,2.14,1.69,2.20
46,24:8:29:14:33,1.69,2.22,1.71,2.18,1.71,2.20,1.74,2.14,1.69,2.20
47,24:8:29:16:03,1.68,2.24,1.71,2.18,1.71,2.20,1.74,2.14,1.69,2.20
48,24:8:29:16:48,1.68,2.24,1.71,2.18,1.71,2.20,1.70,2.20,1.69,2.20
49,24:8:30:11:23,1.69,2.22,1.71,2.18,1.71,2.20,1.70,2.20,1.69,2.20
50,24:8:30:21:45,1.69,2.22,1.71,2.18,1.71,2.20,1.74,2.14,1.69,2.20
51,24:8:30:22:53,1.68,2.26,1.71,2.18,1.71,2.20,1.74,2.14,1.69,2.20
52,24:8:31:12:18,1.68,2.26,1.71,2.18,1.71,2.20,1.74,2.14,1.67,2.25
53,24:8:31:20:34,1.68,2.26,1.69,2.22,1.71,2.20,1.74,2.14,1.67,2.25
