,Date,Fanduel Odds[ill],Fanduel Odds[neb],Cesears Odds[ill],Cesears Odds[neb],Bet365 Odds[ill],Bet365 Odds[neb],DraftKings Odds[ill],DraftKings Odds[neb],BetMGM Odds[ill],BetMGM Odds[neb]
0,24:9:15:00:43,N/A,N/A,3.60,1.30,N/A,N/A,N/A,N/A,N/A,N/A
1,24:9:15:08:43,N/A,N/A,3.60,1.30,3.65,1.30,N/A,N/A,N/A,N/A
2,24:9:15:13:33,N/A,N/A,3.55,1.31,3.65,1.30,N/A,N/A,N/A,N/A
3,24:9:15:13:48,N/A,N/A,3.60,1.30,3.65,1.30,N/A,N/A,N/A,N/A
4,24:9:15:13:58,N/A,N/A,3.60,1.30,3.75,1.29,N/A,N/A,N/A,N/A
5,24:9:15:14:13,N/A,N/A,3.60,1.30,3.75,1.29,N/A,N/A,3.60,1.31
6,24:9:15:14:31,N/A,N/A,3.45,1.32,3.75,1.29,N/A,N/A,3.60,1.31
7,24:9:15:15:18,N/A,N/A,3.45,1.32,3.70,1.29,N/A,N/A,3.60,1.31
8,24:9:15:15:48,N/A,N/A,3.45,1.32,3.70,1.29,3.60,1.30,3.60,1.31
9,24:9:15:16:18,N/A,N/A,3.45,1.32,3.60,1.31,3.60,1.30,3.50,1.32
10,24:9:15:16:23,N/A,N/A,3.45,1.32,3.60,1.31,3.50,1.31,3.50,1.32
11,24:9:15:16:48,N/A,N/A,3.45,1.32,3.60,1.31,3.60,1.30,3.60,1.31
12,24:9:15:16:53,N/A,N/A,3.45,1.32,3.65,1.30,3.60,1.30,3.60,1.31
13,24:9:15:19:18,N/A,N/A,3.45,1.32,3.80,1.28,3.60,1.30,3.60,1.31
14,24:9:15:19:23,N/A,N/A,3.45,1.32,3.80,1.28,3.70,1.29,3.60,1.31
15,24:9:15:20:43,N/A,N/A,3.50,1.32,3.80,1.28,3.70,1.29,3.60,1.31
16,24:9:16:08:13,3.70,1.29,3.50,1.32,3.80,1.28,3.70,1.29,3.60,1.31
17,24:9:16:11:15,3.70,1.29,3.50,1.32,3.65,1.30,3.70,1.29,3.60,1.31
18,24:9:16:12:20,3.70,1.29,3.50,1.32,3.65,1.30,3.70,1.29,3.50,1.32
19,24:9:16:12:25,3.70,1.29,3.50,1.32,3.65,1.30,3.70,1.29,3.60,1.31
20,24:9:16:13:15,3.70,1.29,3.55,1.31,3.65,1.30,3.70,1.29,3.60,1.31
21,24:9:16:13:50,3.70,1.29,3.55,1.31,3.65,1.30,3.70,1.29,3.50,1.32
22,24:9:16:16:40,3.70,1.29,3.55,1.31,3.65,1.30,3.70,1.29,3.70,1.29
23,24:9:16:17:25,3.70,1.29,3.55,1.31,3.65,1.30,3.70,1.29,3.60,1.31
24,24:9:16:17:35,3.70,1.29,3.55,1.31,3.65,1.30,3.60,1.30,3.60,1.31
25,24:9:16:20:50,3.70,1.29,3.55,1.31,3.65,1.30,3.60,1.30,3.70,1.29
26,24:9:16:20:55,3.70,1.29,3.55,1.31,3.65,1.30,3.70,1.29,3.70,1.29
27,24:9:16:21:05,3.70,1.29,3.55,1.31,3.65,1.30,3.70,1.29,3.80,1.28
28,24:9:16:22:00,3.70,1.29,3.55,1.31,3.65,1.30,3.70,1.29,3.70,1.29
29,24:9:16:22:25,3.70,1.29,3.70,1.29,3.65,1.30,3.70,1.29,3.70,1.29
30,24:9:17:00:15,3.70,1.29,3.70,1.29,3.65,1.30,3.70,1.29,3.75,1.29
31,24:9:17:09:45,3.70,1.29,3.80,1.29,3.65,1.30,3.70,1.29,3.75,1.29
32,24:9:17:09:55,3.70,1.29,3.90,1.27,3.65,1.30,3.70,1.29,3.75,1.29
33,24:9:17:10:35,3.70,1.29,3.90,1.27,3.65,1.30,3.70,1.29,3.85,1.28
34,24:9:17:10:42,3.70,1.29,3.90,1.27,3.65,1.30,3.78,1.28,3.85,1.28
35,24:9:17:10:55,3.70,1.29,3.90,1.27,3.75,1.29,3.78,1.28,3.85,1.28
36,24:9:17:12:40,3.70,1.29,3.90,1.27,3.75,1.29,3.78,1.28,3.95,1.27
37,24:9:17:12:45,3.90,1.27,3.85,1.27,3.90,1.27,3.85,1.27,3.95,1.27
38,24:9:17:13:05,3.90,1.27,4.10,1.25,3.90,1.27,3.85,1.27,3.95,1.27
39,24:9:17:13:30,3.60,1.29,3.60,1.31,3.90,1.27,3.85,1.27,3.70,1.29
40,24:9:17:13:35,3.60,1.29,3.60,1.31,3.70,1.29,3.70,1.29,3.70,1.29
41,24:9:17:15:45,3.60,1.29,3.60,1.31,3.60,1.31,3.70,1.29,3.70,1.29
42,24:9:17:16:05,3.60,1.29,3.60,1.31,3.60,1.31,3.60,1.30,3.70,1.29
43,24:9:17:17:00,3.40,1.33,3.60,1.31,3.35,1.34,3.50,1.31,3.50,1.32
44,24:9:17:17:55,3.40,1.33,3.60,1.31,3.35,1.34,3.50,1.31,3.45,1.33
45,24:9:17:18:05,3.40,1.33,3.60,1.31,3.35,1.34,3.40,1.33,3.45,1.33
46,24:9:17:18:45,3.40,1.33,3.60,1.31,3.35,1.34,3.50,1.31,3.45,1.33
47,24:9:17:19:00,3.40,1.33,3.60,1.31,3.40,1.33,3.50,1.31,3.45,1.33
48,24:9:17:23:05,3.70,1.29,3.60,1.31,3.40,1.33,3.50,1.31,3.45,1.33
49,24:9:18:08:51,3.70,1.29,3.50,1.32,3.50,1.32,3.50,1.31,3.45,1.33
50,24:9:18:09:21,3.70,1.29,3.45,1.32,3.50,1.32,3.50,1.31,3.45,1.33
51,24:9:18:11:11,3.70,1.29,3.45,1.32,3.50,1.32,3.50,1.31,3.60,1.31
52,24:9:18:14:46,3.70,1.29,3.55,1.31,3.50,1.32,3.50,1.31,3.60,1.31
53,24:9:18:15:36,3.70,1.29,3.55,1.31,3.55,1.32,3.50,1.31,3.60,1.31
54,24:9:18:15:41,3.70,1.29,3.50,1.32,3.55,1.32,3.50,1.31,3.60,1.31
55,24:9:18:20:26,3.70,1.29,3.50,1.32,3.60,1.31,3.60,1.30,3.60,1.31
