,Date,Fanduel Odds[ind],Fanduel Odds[con],Cesears Odds[ind],Cesears Odds[con],Bet365 Odds[ind],Bet365 Odds[con],DraftKings Odds[ind],DraftKings Odds[con],BetMGM Odds[ind],BetMGM Odds[con]
0,24:9:22:17:09,3.70,1.29,N/A,N/A,N/A,N/A,N/A,N/A,3.50,1.32
1,24:9:22:17:44,3.70,1.29,3.50,1.31,N/A,N/A,N/A,N/A,3.50,1.32
2,24:9:22:18:19,3.70,1.29,3.50,1.31,3.50,1.32,3.50,1.31,3.50,1.32
3,24:9:22:18:34,3.70,1.29,3.65,1.29,3.50,1.32,3.50,1.31,3.50,1.32
4,24:9:23:00:19,3.70,1.29,3.65,1.29,3.50,1.32,3.50,1.31,3.60,1.31
5,24:9:23:00:39,3.70,1.29,3.65,1.29,3.50,1.32,3.60,1.30,3.60,1.31
6,24:9:23:00:49,3.70,1.29,3.65,1.29,3.50,1.32,3.60,1.30,3.75,1.29
7,24:9:23:03:29,3.70,1.29,3.65,1.29,3.50,1.32,3.70,1.29,3.75,1.29
8,24:9:23:08:04,3.70,1.29,3.65,1.29,3.60,1.31,3.70,1.29,3.75,1.29
9,24:9:23:08:46,3.60,1.33,3.65,1.29,3.60,1.31,3.70,1.29,3.75,1.29
10,24:9:23:11:31,3.60,1.33,3.65,1.29,3.60,1.31,3.70,1.29,3.70,1.29
11,24:9:23:12:31,3.60,1.33,3.40,1.32,3.60,1.31,3.70,1.29,3.70,1.29
12,24:9:23:12:36,3.60,1.33,3.40,1.32,3.60,1.31,3.70,1.29,3.60,1.31
13,24:9:23:12:41,3.60,1.33,3.40,1.32,3.60,1.31,3.60,1.30,3.60,1.31
14,24:9:23:17:07,3.60,1.33,3.45,1.31,3.60,1.31,3.60,1.30,3.60,1.31
15,24:9:23:17:16,3.60,1.33,3.35,1.33,3.60,1.31,3.60,1.30,3.60,1.31
16,24:9:23:17:56,3.60,1.33,3.35,1.33,3.60,1.31,3.60,1.30,3.50,1.32
