,Date,Fanduel Odds[ind],Fanduel Odds[was],Cesears Odds[ind],Cesears Odds[was],Bet365 Odds[ind],Bet365 Odds[was],DraftKings Odds[ind],DraftKings Odds[was],BetMGM Odds[ind],BetMGM Odds[was]
0,24:9:18:11:59,N/A,N/A,2.04,1.78,N/A,N/A,N/A,N/A,N/A,N/A
1,24:9:18:12:14,N/A,N/A,2.72,1.47,N/A,N/A,N/A,N/A,N/A,N/A
2,24:9:18:12:46,N/A,N/A,2.54,1.52,N/A,N/A,N/A,N/A,N/A,N/A
3,24:9:18:13:19,N/A,N/A,2.54,1.52,2.50,1.56,N/A,N/A,2.54,1.54
4,24:9:18:13:25,N/A,N/A,2.54,1.52,2.50,1.56,2.52,1.56,2.54,1.54
5,24:9:18:13:29,N/A,N/A,2.54,1.52,2.50,1.56,2.52,1.56,2.45,1.57
6,24:9:18:13:39,N/A,N/A,2.52,1.53,2.50,1.56,2.52,1.56,2.45,1.57
7,24:9:18:13:54,2.40,1.61,2.52,1.53,2.45,1.59,2.40,1.61,2.30,1.65
8,24:9:18:13:59,2.40,1.61,2.52,1.53,2.45,1.59,2.40,1.61,2.36,1.62
9,24:9:18:14:04,2.40,1.61,2.52,1.53,2.45,1.59,2.40,1.61,2.40,1.60
10,24:9:18:14:14,2.40,1.61,2.42,1.57,2.45,1.59,2.40,1.61,2.40,1.60
11,24:9:18:14:19,2.40,1.61,2.42,1.57,2.45,1.59,2.43,1.59,2.40,1.60
12,24:9:18:15:19,2.40,1.61,2.34,1.61,2.45,1.59,2.43,1.59,2.40,1.60
13,24:9:18:15:29,2.40,1.61,2.38,1.59,2.45,1.59,2.43,1.59,2.40,1.60
14,24:9:18:16:29,2.35,1.63,2.38,1.59,2.45,1.59,2.43,1.59,2.40,1.60
15,24:9:18:16:34,2.35,1.63,2.28,1.63,2.45,1.59,2.43,1.59,2.40,1.60
16,24:9:18:16:39,2.35,1.63,2.22,1.67,2.45,1.59,2.43,1.59,2.40,1.60
17,24:9:18:16:54,2.35,1.63,2.22,1.67,2.45,1.59,2.43,1.59,2.36,1.62
18,24:9:18:16:59,2.35,1.63,2.22,1.67,2.40,1.61,2.43,1.59,2.36,1.62
19,24:9:18:17:09,2.35,1.63,2.32,1.62,2.40,1.61,2.40,1.61,2.30,1.65
20,24:9:18:17:14,2.35,1.63,2.26,1.65,2.40,1.61,2.40,1.61,2.30,1.65
21,24:9:18:18:09,2.35,1.63,2.26,1.65,2.35,1.63,2.40,1.61,2.30,1.65
22,24:9:18:20:49,2.35,1.63,2.18,1.69,2.35,1.63,2.40,1.61,2.30,1.65
23,24:9:18:20:59,2.35,1.63,2.18,1.69,2.35,1.63,2.30,1.65,2.30,1.65
24,24:9:18:21:04,2.35,1.63,2.18,1.69,2.35,1.63,2.22,1.69,2.24,1.68
25,24:9:18:21:09,2.35,1.63,2.18,1.69,2.25,1.67,2.22,1.69,2.14,1.74
26,24:9:18:21:14,2.35,1.63,2.18,1.69,2.20,1.71,2.22,1.69,2.10,1.77
27,24:9:18:21:19,2.35,1.63,2.18,1.69,2.20,1.71,2.05,1.80,2.10,1.77
28,24:9:18:21:24,2.20,1.69,2.12,1.72,2.15,1.74,2.05,1.80,2.10,1.77
29,24:9:18:21:39,2.20,1.69,2.12,1.72,2.15,1.74,2.05,1.80,2.20,1.70
30,24:9:18:21:46,2.20,1.69,2.12,1.72,2.20,1.71,2.22,1.69,2.20,1.70
31,24:9:18:22:14,2.20,1.69,2.12,1.72,2.20,1.71,2.22,1.69,2.24,1.68
32,24:9:18:22:24,2.20,1.69,2.12,1.72,2.20,1.71,2.26,1.67,2.24,1.68
33,24:9:18:22:44,2.20,1.69,2.10,1.75,2.20,1.71,2.26,1.67,2.24,1.68
34,24:9:18:22:59,2.20,1.69,2.08,1.76,2.20,1.71,2.26,1.67,2.24,1.68
35,24:9:18:23:19,2.15,1.71,2.08,1.76,2.20,1.71,2.26,1.67,2.24,1.68
36,24:9:18:23:29,2.15,1.71,2.06,1.77,2.10,1.77,2.22,1.69,2.24,1.68
37,24:9:18:23:34,2.15,1.71,2.08,1.76,2.10,1.77,2.22,1.69,2.14,1.74
38,24:9:18:23:39,2.15,1.71,2.08,1.76,2.10,1.77,2.15,1.74,2.10,1.77
39,24:9:19:00:54,2.15,1.71,2.08,1.76,2.10,1.77,2.15,1.74,2.02,1.82
40,24:9:19:01:24,2.15,1.71,2.08,1.76,2.10,1.77,2.10,1.77,2.02,1.82
