,Date,Fanduel Odds[jac],Fanduel Odds[buf],Cesears Odds[jac],Cesears Odds[buf],Bet365 Odds[jac],Bet365 Odds[buf],DraftKings Odds[jac],DraftKings Odds[buf],BetMGM Odds[jac],BetMGM Odds[buf]
0,24:5:15:20:55,N/A,N/A,N/A,N/A,N/A,N/A,N/A,N/A,2.70,1.49
1,24:5:17:15:00,N/A,N/A,N/A,N/A,N/A,N/A,2.58,1.53,2.70,1.49
2,24:5:22:21:25,N/A,N/A,N/A,N/A,N/A,N/A,2.58,1.53,2.85,1.44
3,24:7:22:22:32,N/A,N/A,N/A,N/A,N/A,N/A,2.58,1.53,2.80,1.46
4,24:8:19:17:06,N/A,N/A,N/A,N/A,N/A,N/A,2.58,1.53,2.85,1.44
5,24:9:10:14:27,N/A,N/A,N/A,N/A,N/A,N/A,2.58,1.53,2.54,1.54
6,24:9:10:17:10,N/A,N/A,2.66,1.51,N/A,N/A,2.58,1.53,2.54,1.54
7,24:9:10:17:47,N/A,N/A,2.72,1.50,N/A,N/A,2.58,1.53,2.54,1.54
8,24:9:11:03:07,N/A,N/A,2.72,1.50,2.60,1.53,2.58,1.53,2.54,1.54
9,24:9:11:06:31,N/A,N/A,2.66,1.51,2.60,1.53,2.58,1.53,2.54,1.54
10,24:9:12:16:44,N/A,N/A,2.52,1.56,2.60,1.53,2.58,1.53,2.54,1.54
11,24:9:13:00:44,N/A,N/A,2.72,1.49,2.60,1.53,2.58,1.53,2.54,1.54
12,24:9:13:02:49,N/A,N/A,2.72,1.49,2.70,1.49,2.58,1.53,2.54,1.54
13,24:9:14:09:54,N/A,N/A,2.76,1.48,2.70,1.49,2.58,1.53,2.54,1.54
14,24:9:15:06:29,N/A,N/A,2.76,1.48,2.55,1.54,2.58,1.53,2.54,1.54
15,24:9:15:17:19,N/A,N/A,2.76,1.48,2.55,1.54,2.58,1.53,2.90,1.43
16,24:9:15:19:14,N/A,N/A,2.76,1.48,2.55,1.54,2.58,1.53,2.95,1.42
17,24:9:15:19:19,3.25,1.36,2.76,1.48,2.55,1.54,2.58,1.53,2.95,1.42
18,24:9:15:19:34,3.25,1.36,2.76,1.48,3.20,1.37,2.58,1.53,2.95,1.42
19,24:9:15:19:44,3.25,1.36,2.76,1.48,3.20,1.37,3.05,1.40,2.95,1.42
20,24:9:15:19:59,3.25,1.36,3.30,1.36,3.20,1.37,3.05,1.40,2.95,1.42
21,24:9:15:20:29,3.25,1.36,3.30,1.36,3.20,1.37,3.15,1.37,3.10,1.39
22,24:9:15:20:39,3.25,1.36,3.30,1.36,3.20,1.37,3.15,1.37,3.25,1.36
23,24:9:15:20:54,3.25,1.36,3.30,1.36,3.20,1.37,3.22,1.36,3.25,1.36
24,24:9:16:10:15,3.25,1.36,3.20,1.37,3.20,1.37,3.22,1.36,3.25,1.36
25,24:9:16:11:00,3.25,1.36,3.20,1.37,3.10,1.38,3.22,1.36,3.25,1.36
26,24:9:16:11:30,3.25,1.36,3.20,1.37,3.05,1.40,3.22,1.36,3.25,1.36
27,24:9:16:12:13,3.25,1.36,3.20,1.37,3.00,1.41,3.22,1.36,3.25,1.36
28,24:9:16:12:25,3.25,1.36,3.20,1.37,3.10,1.38,3.15,1.37,3.25,1.36
29,24:9:16:14:55,3.25,1.36,3.20,1.37,3.10,1.38,3.15,1.37,3.00,1.41
30,24:9:16:15:05,3.25,1.36,3.20,1.37,3.10,1.38,3.10,1.38,3.00,1.41
31,24:9:16:16:12,2.90,1.40,3.20,1.37,3.10,1.38,3.10,1.38,3.00,1.41
32,24:9:17:01:20,2.90,1.40,3.20,1.37,3.10,1.38,3.10,1.38,3.05,1.40
33,24:9:17:04:45,2.90,1.40,3.20,1.38,3.10,1.38,3.10,1.38,3.05,1.40
34,24:9:17:09:50,2.90,1.40,3.20,1.38,3.05,1.40,3.10,1.38,3.05,1.40
35,24:9:17:09:55,2.90,1.40,3.20,1.38,3.05,1.40,3.05,1.40,3.05,1.40
36,24:9:17:10:20,2.90,1.40,3.20,1.38,3.05,1.40,3.05,1.40,3.10,1.39
37,24:9:17:10:35,2.90,1.40,3.20,1.38,3.05,1.40,3.10,1.38,3.10,1.39
38,24:9:17:11:26,2.90,1.40,3.20,1.38,3.05,1.40,3.05,1.40,3.10,1.39
39,24:9:17:11:35,2.90,1.40,3.20,1.38,3.05,1.40,3.10,1.38,3.05,1.40
40,24:9:17:11:55,2.90,1.40,3.20,1.38,3.05,1.40,3.05,1.40,3.05,1.40
41,24:9:17:12:30,2.90,1.40,3.20,1.38,3.05,1.40,3.05,1.40,3.00,1.41
42,24:9:17:18:05,2.90,1.40,3.20,1.38,3.05,1.40,3.05,1.40,2.95,1.42
43,24:9:17:19:45,2.90,1.40,2.98,1.42,3.05,1.40,3.05,1.40,2.95,1.42
44,24:9:18:08:47,2.90,1.40,2.98,1.42,3.00,1.41,3.05,1.40,2.95,1.42
45,24:9:18:11:32,2.90,1.40,2.98,1.42,3.00,1.41,3.05,1.40,2.90,1.43
46,24:9:18:11:52,2.90,1.40,2.98,1.42,3.00,1.41,2.96,1.42,2.90,1.43
47,24:9:18:17:07,2.90,1.40,2.90,1.43,3.00,1.41,2.96,1.42,2.90,1.43
48,24:9:18:17:12,2.90,1.40,2.98,1.42,3.00,1.41,2.96,1.42,2.90,1.43
49,24:9:18:17:37,2.90,1.40,2.94,1.43,3.00,1.41,2.96,1.42,2.90,1.43
50,24:9:19:14:12,2.90,1.40,2.94,1.43,3.00,1.41,2.96,1.42,2.95,1.42
51,24:9:19:18:42,2.90,1.40,2.98,1.42,3.00,1.41,2.96,1.42,2.95,1.42
52,24:9:20:04:17,2.90,1.40,2.98,1.42,3.00,1.41,2.96,1.42,2.90,1.43
53,24:9:21:19:27,2.90,1.40,2.98,1.42,3.00,1.41,3.05,1.40,2.90,1.43
54,24:9:21:21:22,2.90,1.40,2.98,1.42,3.00,1.41,3.05,1.40,2.95,1.42
55,24:9:22:13:57,2.90,1.40,3.10,1.39,3.00,1.41,3.05,1.40,2.95,1.42
56,24:9:22:15:57,2.90,1.40,3.10,1.39,3.00,1.41,3.05,1.40,3.00,1.41
57,24:9:22:23:42,2.90,1.40,3.10,1.39,3.00,1.41,3.10,1.38,3.00,1.41
58,24:9:23:01:07,2.90,1.40,3.05,1.40,3.00,1.41,3.10,1.38,3.00,1.41
59,24:9:23:04:27,2.90,1.40,3.05,1.40,3.00,1.41,3.10,1.38,3.05,1.40
60,24:9:23:07:07,2.90,1.40,3.05,1.40,3.00,1.41,3.10,1.38,3.00,1.41
61,24:9:23:07:42,2.90,1.40,3.05,1.40,3.05,1.40,3.10,1.38,3.00,1.41
62,24:9:23:09:16,2.90,1.40,3.05,1.40,3.05,1.40,3.10,1.38,2.95,1.42
63,24:9:23:09:26,2.90,1.40,3.05,1.40,3.05,1.40,3.10,1.38,3.00,1.41
64,24:9:23:10:06,2.90,1.40,3.05,1.40,3.05,1.40,3.10,1.38,3.05,1.40
65,24:9:23:10:46,2.90,1.40,3.10,1.39,3.05,1.40,3.10,1.38,3.05,1.40
66,24:9:23:10:51,2.90,1.40,3.10,1.39,3.05,1.40,3.10,1.38,3.00,1.41
67,24:9:23:11:26,2.90,1.40,3.05,1.40,3.05,1.40,3.10,1.38,3.05,1.40
68,24:9:23:11:31,2.90,1.40,3.10,1.39,3.05,1.40,3.10,1.38,3.05,1.40
69,24:9:23:12:21,2.90,1.40,3.10,1.39,3.05,1.40,3.10,1.38,3.10,1.39
70,24:9:23:12:26,2.90,1.40,3.10,1.39,3.05,1.40,3.10,1.38,3.05,1.40
71,24:9:23:12:36,2.90,1.40,3.00,1.41,3.05,1.40,3.10,1.38,3.05,1.40
72,24:9:23:12:41,2.90,1.40,3.10,1.39,3.05,1.40,3.10,1.38,3.05,1.40
73,24:9:23:12:51,2.90,1.40,3.10,1.39,3.05,1.40,3.10,1.38,3.00,1.41
74,24:9:23:14:06,2.90,1.40,2.88,1.44,3.05,1.40,3.10,1.38,3.00,1.41
75,24:9:23:14:41,2.90,1.40,2.90,1.43,3.05,1.40,3.10,1.38,2.95,1.42
76,24:9:23:14:46,2.90,1.40,2.90,1.43,2.90,1.43,3.10,1.38,2.95,1.42
77,24:9:23:14:56,2.90,1.40,2.90,1.43,2.90,1.43,3.05,1.40,2.95,1.42
78,24:9:23:15:01,2.90,1.40,2.84,1.45,2.90,1.43,2.92,1.43,2.90,1.43
79,24:9:23:15:07,2.90,1.40,2.84,1.45,2.90,1.43,2.96,1.42,2.90,1.43
80,24:9:23:15:26,2.90,1.40,2.84,1.45,2.90,1.43,2.92,1.43,2.90,1.43
81,24:9:23:15:31,2.85,1.44,2.84,1.45,2.90,1.43,2.92,1.43,2.90,1.43
82,24:9:23:16:11,2.85,1.44,2.80,1.47,2.90,1.43,2.92,1.43,2.90,1.43
83,24:9:23:16:31,2.85,1.44,2.80,1.47,2.90,1.43,2.92,1.43,2.85,1.44
84,24:9:23:17:06,2.85,1.44,2.72,1.49,2.90,1.43,2.92,1.43,2.85,1.44
85,24:9:23:17:11,2.85,1.44,2.84,1.45,2.90,1.43,2.92,1.43,2.85,1.44
86,24:9:23:18:16,2.85,1.44,2.84,1.45,2.90,1.43,2.85,1.44,2.85,1.44
87,24:9:23:18:21,2.85,1.44,2.84,1.45,2.90,1.43,2.85,1.44,2.80,1.46
88,24:9:23:18:27,2.85,1.44,2.84,1.45,2.80,1.45,2.80,1.45,2.80,1.46
89,24:9:23:18:36,2.85,1.44,2.84,1.45,2.80,1.45,2.78,1.47,2.80,1.46
