,Date,Fanduel Odds[jvst],Fanduel Odds[kenn],Cesears Odds[jvst],Cesears Odds[kenn],Bet365 Odds[jvst],Bet365 Odds[kenn],DraftKings Odds[jvst],DraftKings Odds[kenn],BetMGM Odds[jvst],BetMGM Odds[kenn]
0,24:10:1:08:29,1.15,5.75,N/A,N/A,N/A,N/A,N/A,N/A,N/A,N/A
1,24:10:1:12:39,1.15,5.75,N/A,N/A,N/A,N/A,1.14,6.00,N/A,N/A
2,24:10:1:13:44,1.15,5.75,N/A,N/A,1.14,6.00,1.14,6.00,N/A,N/A
3,24:10:1:13:52,1.15,5.75,N/A,N/A,1.14,6.00,1.14,6.00,1.13,6.50
4,24:10:1:14:39,1.15,5.75,N/A,N/A,1.13,6.25,1.14,6.00,1.13,6.50
5,24:10:1:14:44,1.15,5.75,1.13,6.30,1.13,6.25,1.12,6.50,1.13,6.50
6,24:10:1:17:14,1.13,6.25,1.13,6.30,1.13,6.25,1.12,6.50,1.13,6.50
7,24:10:1:18:59,1.13,6.25,1.13,6.40,1.13,6.25,1.12,6.50,1.13,6.50
8,24:10:1:21:54,1.13,6.25,1.13,6.40,1.13,6.25,1.12,6.50,1.13,6.25
9,24:10:2:01:39,1.13,6.25,1.12,6.70,1.13,6.25,1.12,6.50,1.13,6.25
10,24:10:2:10:09,1.13,6.50,1.12,6.70,1.13,6.25,1.12,6.50,1.13,6.25
11,24:10:2:11:34,1.13,6.50,1.12,6.50,1.13,6.25,1.12,6.50,1.13,6.25
12,24:10:2:11:44,1.13,6.50,1.12,6.70,1.13,6.25,1.12,6.50,1.13,6.25
13,24:9:29:04:04,1.13,6.50,1.16,5.50,1.13,6.25,1.12,6.50,1.13,6.25
14,24:9:29:08:39,1.13,6.50,1.14,5.80,1.13,6.25,1.12,6.50,1.13,6.25
15,24:9:29:10:56,1.13,6.50,1.11,7.10,1.13,6.25,1.12,6.50,1.13,6.25
16,24:9:29:12:29,1.13,6.50,1.16,5.50,1.13,6.25,1.12,6.50,1.13,6.25
17,24:9:29:13:50,1.13,6.50,1.16,5.40,1.13,6.25,1.12,6.50,1.13,6.25
18,24:9:29:14:19,1.13,6.50,1.16,5.40,1.13,6.25,1.12,6.50,1.17,5.40
19,24:9:29:16:04,1.13,6.50,1.16,5.40,1.17,5.50,1.17,5.30,1.17,5.40
20,24:9:29:19:14,1.13,6.50,1.16,5.40,1.17,5.50,1.17,5.30,1.17,5.25
21,24:9:29:20:35,1.13,6.50,1.16,5.40,1.17,5.50,1.17,5.30,1.18,5.10
22,24:9:29:20:44,1.13,6.50,1.16,5.40,1.17,5.50,1.17,5.30,1.17,5.25
23,24:9:30:06:24,1.13,6.50,1.16,5.40,1.17,5.50,1.17,5.30,1.18,5.10
24,24:9:30:07:48,1.17,5.25,1.16,5.40,1.17,5.50,1.17,5.30,1.18,5.10
25,24:9:30:10:09,1.17,5.25,1.15,5.80,1.17,5.50,1.15,5.60,1.17,5.25
26,24:9:30:10:14,1.17,5.25,1.15,5.80,1.17,5.50,1.15,5.60,1.16,5.55
27,24:9:30:10:34,1.15,5.50,1.15,5.80,1.17,5.50,1.15,5.60,1.16,5.55
28,24:9:30:12:59,1.15,5.50,1.14,6.00,1.17,5.50,1.15,5.60,1.16,5.55
29,24:9:30:13:34,1.15,5.50,1.14,6.00,1.17,5.50,1.15,5.60,1.17,5.25
30,24:9:30:15:04,1.15,5.50,1.14,6.00,1.17,5.50,1.17,5.30,1.17,5.25
31,24:9:30:16:44,1.15,5.50,1.14,6.00,1.17,5.50,1.15,5.60,1.17,5.25
32,24:9:30:19:54,1.15,5.50,1.14,6.00,1.15,5.75,1.15,5.60,1.14,6.00
