,Date,Fanduel Odds[lv],Fanduel Odds[lac],Cesears Odds[lv],Cesears Odds[lac],Bet365 Odds[lv],Bet365 Odds[lac],DraftKings Odds[lv],DraftKings Odds[lac],BetMGM Odds[lv],BetMGM Odds[lac]
0,24:8:1:15:09,N/A,N/A,2.46,1.57,2.40,1.61,2.43,1.59,2.30,1.65
1,24:8:1:15:14,N/A,N/A,2.46,1.57,2.35,1.63,2.35,1.62,2.30,1.65
2,24:8:1:15:39,N/A,N/A,2.38,1.61,2.35,1.63,2.35,1.62,2.30,1.65
3,24:8:2:08:04,N/A,N/A,2.38,1.61,2.40,1.61,2.40,1.61,2.30,1.65
4,24:8:7:17:41,2.35,1.63,2.38,1.61,2.40,1.61,2.40,1.61,2.30,1.65
5,24:9:2:03:13,2.35,1.63,2.50,1.56,2.40,1.61,2.40,1.61,2.30,1.65
6,24:9:2:09:28,2.35,1.63,2.50,1.56,2.40,1.61,2.40,1.61,2.30,1.65
7,24:9:2:09:38,2.35,1.63,2.50,1.56,2.40,1.61,2.40,1.61,2.36,1.62
8,24:9:2:10:03,2.35,1.63,2.52,1.56,2.40,1.61,2.40,1.61,2.36,1.62
9,24:9:2:10:46,2.35,1.63,2.52,1.56,2.40,1.61,2.40,1.61,2.30,1.65
10,24:9:2:10:58,2.35,1.63,2.52,1.56,2.35,1.63,2.40,1.61,2.30,1.65
11,24:9:2:11:08,2.35,1.63,2.46,1.57,2.35,1.63,2.40,1.61,2.30,1.65
12,24:9:2:11:23,2.35,1.63,2.46,1.57,2.35,1.63,2.40,1.61,2.30,1.65
13,24:9:2:17:28,2.40,1.61,2.46,1.57,2.35,1.63,2.40,1.61,2.30,1.65
14,24:9:2:17:33,2.35,1.63,2.46,1.57,2.35,1.63,2.40,1.61,2.30,1.65
15,24:9:3:14:01,2.35,1.63,2.42,1.60,2.35,1.63,2.40,1.61,2.30,1.65
16,24:9:4:01:16,2.35,1.63,2.48,1.57,2.35,1.63,2.40,1.61,2.30,1.65
17,24:9:4:16:03,2.35,1.63,2.46,1.57,2.35,1.63,2.40,1.61,2.30,1.65
18,24:9:5:03:12,2.35,1.63,2.42,1.60,2.35,1.63,2.40,1.61,2.30,1.65
19,24:9:5:17:39,2.35,1.63,2.42,1.60,2.35,1.63,2.35,1.62,2.30,1.65
20,24:9:6:17:08,2.35,1.63,2.48,1.57,2.35,1.63,2.35,1.62,2.30,1.65
21,24:9:6:17:18,2.35,1.63,2.48,1.57,2.35,1.63,2.35,1.62,2.24,1.68
22,24:9:6:20:03,2.35,1.63,2.48,1.57,2.35,1.63,2.35,1.62,2.30,1.65
23,24:9:7:05:38,2.35,1.63,2.44,1.58,2.35,1.63,2.35,1.62,2.30,1.65
24,24:9:7:11:09,2.35,1.63,2.38,1.61,2.35,1.63,2.35,1.62,2.30,1.65
25,24:9:7:13:19,2.35,1.63,2.34,1.63,2.35,1.63,2.35,1.62,2.30,1.65
26,24:9:7:15:58,2.35,1.63,2.34,1.63,2.35,1.63,2.35,1.62,2.36,1.62
27,24:9:7:16:32,2.35,1.63,2.34,1.63,2.35,1.63,2.35,1.62,2.30,1.65
28,24:9:8:03:28,2.35,1.63,2.34,1.63,2.35,1.63,2.35,1.62,2.24,1.68
29,24:9:8:03:53,2.35,1.63,2.34,1.63,2.35,1.63,2.30,1.65,2.24,1.68
30,24:9:8:07:36,2.40,1.61,2.34,1.63,2.35,1.63,2.30,1.65,2.24,1.68
31,24:9:8:07:58,2.40,1.61,2.34,1.63,2.35,1.63,2.35,1.62,2.24,1.68
32,24:9:8:08:43,2.30,1.65,2.34,1.63,2.35,1.63,2.35,1.62,2.24,1.68
33,24:9:8:09:29,2.30,1.65,2.34,1.63,2.35,1.63,2.35,1.62,2.20,1.70
34,24:9:8:09:43,2.30,1.65,2.34,1.63,2.35,1.63,2.35,1.62,2.30,1.65
35,24:9:8:11:23,2.30,1.65,2.28,1.66,2.35,1.63,2.35,1.62,2.30,1.65
36,24:9:8:11:28,2.30,1.65,2.32,1.64,2.35,1.63,2.35,1.62,2.30,1.65
37,24:9:8:11:33,2.30,1.65,2.28,1.66,2.35,1.63,2.35,1.62,2.30,1.65
38,24:9:8:11:38,2.30,1.65,2.32,1.64,2.35,1.63,2.35,1.62,2.30,1.65
39,24:9:8:13:49,2.30,1.65,2.32,1.64,2.30,1.65,2.30,1.65,2.30,1.65
40,24:5:15:20:30,2.30,1.65,2.30,1.65,2.30,1.65,2.58,1.53,2.30,1.65
41,24:5:15:20:40,2.30,1.65,2.30,1.65,2.30,1.65,2.58,1.53,2.30,1.65
42,24:5:15:20:45,2.30,1.65,2.30,1.65,2.30,1.65,2.58,1.53,2.36,1.62
43,24:5:16:00:35,2.30,1.65,2.34,1.63,2.30,1.65,2.58,1.53,2.36,1.62
44,24:5:16:01:20,2.30,1.65,2.34,1.63,2.30,1.65,2.40,1.61,2.36,1.62
45,24:5:16:08:25,2.30,1.65,2.34,1.63,2.30,1.65,2.58,1.53,2.36,1.62
46,24:5:16:09:40,2.30,1.65,2.48,1.57,2.30,1.65,2.58,1.53,2.36,1.62
47,24:5:16:09:50,2.30,1.65,2.48,1.57,2.30,1.65,2.58,1.53,2.42,1.59
48,24:5:16:10:00,2.30,1.65,2.48,1.57,2.40,1.61,2.58,1.53,2.42,1.59
49,24:5:16:12:45,2.45,1.57,2.52,1.56,2.40,1.61,2.58,1.53,2.42,1.59
50,24:5:16:12:50,2.45,1.57,2.52,1.56,2.40,1.61,2.43,1.59,2.42,1.59
51,24:5:17:14:00,2.45,1.57,2.52,1.56,2.45,1.59,2.43,1.59,2.42,1.59
52,24:5:18:20:05,2.45,1.57,2.52,1.56,2.45,1.59,2.50,1.56,2.42,1.59
53,24:5:19:20:05,2.45,1.57,2.52,1.56,2.45,1.59,2.43,1.59,2.42,1.59
54,24:5:21:14:00,2.45,1.57,2.52,1.56,2.45,1.59,2.50,1.56,2.42,1.59
55,24:5:30:13:59,2.45,1.57,2.52,1.56,2.50,1.56,2.50,1.56,2.42,1.59
56,24:7:16:00:17,2.45,1.57,2.52,1.56,2.50,1.56,2.50,1.56,2.40,1.60
57,24:7:17:06:52,2.45,1.57,2.52,1.56,2.50,1.56,2.50,1.56,2.42,1.59
58,24:8:16:17:21,2.45,1.57,2.52,1.56,2.35,1.63,2.50,1.56,2.42,1.59
59,24:8:16:17:26,2.45,1.57,2.52,1.56,2.35,1.63,2.35,1.62,2.42,1.59
60,24:8:19:16:01,2.65,1.50,2.66,1.51,2.65,1.50,2.58,1.53,2.42,1.59
61,24:8:19:16:06,2.65,1.50,2.66,1.51,2.65,1.50,2.62,1.51,2.60,1.52
62,24:8:19:16:16,2.65,1.50,2.66,1.51,2.60,1.53,2.58,1.53,2.60,1.52
63,24:8:19:16:36,2.65,1.50,2.68,1.50,2.60,1.53,2.58,1.53,2.60,1.52
64,24:8:19:16:56,2.65,1.50,2.68,1.50,2.60,1.53,2.58,1.53,2.54,1.54
65,24:8:19:17:01,2.65,1.50,2.68,1.50,2.55,1.54,2.58,1.53,2.54,1.54
66,24:8:19:17:06,2.65,1.50,2.68,1.50,2.55,1.54,2.58,1.53,2.50,1.56
67,24:8:19:17:46,2.50,1.54,2.68,1.50,2.55,1.54,2.58,1.53,2.50,1.56
68,24:8:20:23:44,2.50,1.54,2.64,1.51,2.55,1.54,2.58,1.53,2.50,1.56
69,24:8:25:03:33,2.50,1.54,2.64,1.51,2.55,1.54,2.58,1.53,2.45,1.57
70,24:8:27:19:48,2.50,1.54,2.64,1.51,2.55,1.54,2.58,1.53,2.42,1.59
71,24:8:27:20:53,2.50,1.54,2.64,1.51,2.55,1.54,2.58,1.53,2.45,1.57
72,24:8:28:10:28,2.50,1.54,2.64,1.51,2.55,1.54,2.58,1.53,2.42,1.59
73,24:8:28:11:03,2.50,1.54,2.56,1.53,2.55,1.54,2.58,1.53,2.42,1.59
74,24:8:28:12:03,2.50,1.54,2.52,1.56,2.55,1.54,2.58,1.53,2.42,1.59
75,24:8:28:18:28,2.50,1.54,2.52,1.56,2.55,1.54,2.58,1.53,2.45,1.57
76,24:8:29:11:53,2.50,1.54,2.50,1.56,2.55,1.54,2.58,1.53,2.45,1.57
77,24:8:29:13:03,2.50,1.54,2.50,1.56,2.50,1.56,2.58,1.53,2.45,1.57
78,24:8:29:13:53,2.50,1.54,2.50,1.56,2.50,1.56,2.58,1.53,2.42,1.59
79,24:8:29:16:43,2.50,1.54,2.50,1.56,2.50,1.56,2.58,1.53,2.40,1.60
80,24:8:29:17:14,2.50,1.54,2.50,1.56,2.50,1.56,2.58,1.53,2.36,1.62
81,24:8:29:21:03,2.50,1.54,2.50,1.56,2.50,1.56,2.50,1.56,2.36,1.62
82,24:8:30:15:48,2.50,1.54,2.52,1.56,2.50,1.56,2.50,1.56,2.36,1.62
83,24:8:30:19:38,2.50,1.54,2.52,1.56,2.50,1.56,2.50,1.56,2.40,1.60
84,24:8:30:19:43,2.45,1.57,2.52,1.56,2.45,1.59,2.50,1.56,2.40,1.60
85,24:8:30:19:48,2.45,1.57,2.52,1.56,2.45,1.59,2.50,1.56,2.30,1.65
86,24:8:30:20:13,2.45,1.57,2.52,1.56,2.45,1.59,2.43,1.59,2.30,1.65
87,24:8:30:22:38,2.45,1.57,2.46,1.57,2.45,1.59,2.43,1.59,2.30,1.65
88,24:8:31:11:18,2.45,1.57,2.46,1.57,2.45,1.59,2.43,1.59,2.36,1.62
