,Date,Fanduel Odds[lv],Fanduel Odds[bal],Cesears Odds[lv],Cesears Odds[bal],Bet365 Odds[lv],Bet365 Odds[bal],DraftKings Odds[lv],DraftKings Odds[bal],BetMGM Odds[lv],BetMGM Odds[bal]
0,24:9:3:13:36,N/A,N/A,4.50,1.22,N/A,N/A,N/A,N/A,N/A,N/A
1,24:9:5:16:48,N/A,N/A,4.50,1.22,N/A,N/A,N/A,N/A,3.85,1.28
2,24:9:6:11:28,N/A,N/A,4.50,1.22,N/A,N/A,4.45,1.22,3.85,1.28
3,24:9:6:12:06,N/A,N/A,4.50,1.22,4.00,1.26,4.45,1.22,3.85,1.28
4,24:9:6:12:08,N/A,N/A,4.50,1.22,4.25,1.24,4.45,1.22,3.85,1.28
5,24:9:6:19:43,N/A,N/A,4.50,1.22,4.25,1.24,4.20,1.24,3.85,1.28
6,24:9:8:07:38,N/A,N/A,4.50,1.22,4.00,1.26,4.10,1.25,3.85,1.28
7,24:9:8:18:53,N/A,N/A,4.50,1.22,4.00,1.26,4.10,1.25,4.20,1.24
8,24:9:8:18:58,N/A,N/A,4.50,1.22,4.00,1.26,4.10,1.25,4.20,1.24
9,24:9:8:19:09,4.25,1.25,4.50,1.22,4.25,1.24,4.10,1.25,4.20,1.24
10,24:9:8:19:28,4.25,1.25,4.50,1.22,4.25,1.24,4.35,1.23,4.20,1.24
11,24:9:9:08:33,4.25,1.25,4.50,1.22,4.25,1.24,4.35,1.23,4.10,1.25
12,24:9:9:08:43,4.50,1.22,4.50,1.22,4.50,1.22,4.35,1.23,4.50,1.22
13,24:9:9:08:53,4.50,1.22,4.50,1.22,4.50,1.22,4.35,1.23,4.60,1.21
14,24:9:9:09:13,4.50,1.22,4.70,1.21,4.50,1.22,4.60,1.21,4.60,1.21
15,24:9:9:09:18,4.50,1.22,4.70,1.21,4.50,1.22,4.60,1.21,4.70,1.21
16,24:9:9:09:23,4.50,1.22,4.60,1.22,4.50,1.22,4.60,1.21,4.70,1.21
17,24:9:9:09:41,4.50,1.22,4.80,1.20,4.50,1.22,4.60,1.21,4.70,1.21
18,24:9:9:10:37,4.50,1.22,4.80,1.20,4.25,1.24,4.60,1.21,4.60,1.21
19,24:9:9:10:42,4.50,1.22,4.80,1.20,4.50,1.22,5.00,1.18,4.60,1.21
20,24:9:9:11:05,4.50,1.22,4.85,1.20,4.50,1.22,5.00,1.18,4.50,1.22
21,24:9:9:11:12,4.50,1.22,4.85,1.20,4.50,1.22,4.60,1.21,4.50,1.22
22,24:9:9:13:52,4.50,1.22,4.60,1.22,4.50,1.22,4.60,1.21,4.60,1.21
23,24:9:9:15:32,4.50,1.22,4.50,1.22,4.50,1.22,4.60,1.21,4.60,1.21
24,24:5:15:20:40,4.50,1.22,4.50,1.22,4.50,1.22,4.60,1.21,3.40,1.34
25,24:5:15:21:20,4.50,1.22,4.50,1.22,4.50,1.22,4.10,1.25,3.40,1.34
26,24:5:16:01:35,4.50,1.22,4.50,1.22,4.50,1.22,4.10,1.25,3.45,1.33
27,24:5:16:16:00,4.50,1.22,4.50,1.22,4.50,1.22,4.10,1.25,3.70,1.29
28,24:6:13:20:10,4.50,1.22,4.50,1.22,4.50,1.22,4.10,1.25,3.85,1.28
29,24:8:25:14:33,4.50,1.22,4.50,1.22,3.80,1.28,4.10,1.25,3.85,1.28
30,24:8:27:12:18,4.50,1.22,4.50,1.22,3.80,1.28,4.10,1.25,3.95,1.27
31,24:8:28:04:43,4.50,1.22,4.50,1.22,3.80,1.28,3.85,1.27,3.95,1.27
32,24:9:10:02:22,4.50,1.22,4.40,1.23,3.80,1.28,3.85,1.27,3.95,1.27
33,24:9:10:12:27,4.50,1.22,4.50,1.22,3.80,1.28,3.85,1.27,3.95,1.27
34,24:9:10:12:42,4.50,1.22,4.85,1.20,3.80,1.28,3.85,1.27,3.95,1.27
35,24:9:10:12:47,4.50,1.22,4.85,1.20,3.80,1.28,5.00,1.18,3.95,1.27
36,24:9:10:13:47,4.50,1.22,4.85,1.20,4.75,1.20,5.00,1.18,3.95,1.27
37,24:9:10:16:42,4.50,1.22,5.00,1.19,4.75,1.20,5.00,1.18,3.95,1.27
