,Date,Fanduel Odds[lv],Fanduel Odds[con],Cesears Odds[lv],Cesears Odds[con],Bet365 Odds[lv],Bet365 Odds[con],DraftKings Odds[lv],DraftKings Odds[con],BetMGM Odds[lv],BetMGM Odds[con]
0,24:9:5:02:36,1.87,1.95,N/A,N/A,N/A,N/A,1.83,2.00,N/A,N/A
1,24:9:5:04:17,1.87,1.95,1.83,2.00,1.83,2.00,1.83,2.00,N/A,N/A
2,24:9:5:07:35,1.82,2.00,1.83,2.00,1.83,2.00,1.83,2.00,N/A,N/A
3,24:9:5:10:51,1.85,1.96,1.83,2.00,1.83,2.00,1.83,2.00,N/A,N/A
4,24:9:5:12:38,1.83,1.98,1.83,2.00,1.83,2.00,1.83,2.00,N/A,N/A
5,24:9:5:12:48,1.85,1.96,1.83,2.00,1.83,2.00,1.83,2.00,N/A,N/A
6,24:9:5:14:11,1.82,2.00,1.83,2.00,1.83,2.00,1.83,2.00,N/A,N/A
7,24:9:5:16:10,1.82,2.00,1.83,2.00,1.83,2.00,1.83,2.00,1.83,2.00
8,24:9:5:16:25,1.82,2.00,1.87,1.95,1.83,2.00,1.85,1.98,1.83,2.00
9,24:9:5:16:35,1.83,1.98,1.87,1.95,1.83,2.00,1.85,1.98,1.83,2.00
10,24:9:5:16:49,1.82,2.00,1.87,1.95,1.83,2.00,1.83,2.00,1.83,2.00
11,24:9:5:17:39,1.82,2.00,1.83,2.00,1.83,2.00,1.83,2.00,1.83,2.00
12,24:9:5:17:44,1.78,2.04,1.83,2.00,1.83,2.00,1.83,2.00,1.83,2.00
13,24:9:5:17:51,1.78,2.04,1.87,1.95,1.83,2.00,1.83,2.00,1.83,2.00
14,24:9:5:18:55,1.81,2.02,1.87,1.95,1.83,2.00,1.85,1.98,1.83,2.00
15,24:9:5:19:57,1.81,2.02,1.87,1.95,1.83,2.00,1.83,2.00,1.83,2.00
16,24:9:5:21:31,1.77,2.06,1.87,1.95,1.83,2.00,1.83,2.00,1.83,2.00
