,Date,Fanduel Odds[lv],Fanduel Odds[ny],Cesears Odds[lv],Cesears Odds[ny],Bet365 Odds[lv],Bet365 Odds[ny],DraftKings Odds[lv],DraftKings Odds[ny],BetMGM Odds[lv],BetMGM Odds[ny]
0,24:9:6:21:59,N/A,N/A,N/A,N/A,N/A,N/A,N/A,N/A,2.30,1.65
1,24:9:6:23:34,N/A,N/A,2.40,1.58,N/A,N/A,N/A,N/A,2.40,1.60
2,24:9:7:13:39,N/A,N/A,2.40,1.58,2.50,1.56,N/A,N/A,2.40,1.60
3,24:9:7:13:44,N/A,N/A,2.40,1.58,2.50,1.56,2.43,1.59,2.40,1.60
4,24:9:7:15:28,2.45,1.57,2.40,1.58,2.50,1.56,2.43,1.59,2.40,1.60
5,24:9:7:17:49,2.45,1.57,2.40,1.58,2.50,1.56,2.43,1.59,2.42,1.59
6,24:9:7:18:39,2.45,1.57,2.40,1.58,2.50,1.56,2.52,1.56,2.42,1.59
7,24:9:7:19:34,2.45,1.57,2.40,1.58,2.50,1.56,2.52,1.56,2.45,1.57
8,24:9:7:19:54,2.45,1.57,2.40,1.58,2.50,1.56,2.52,1.56,2.50,1.56
9,24:9:7:20:14,2.40,1.61,2.40,1.58,2.50,1.56,2.52,1.56,2.50,1.56
10,24:9:7:21:42,2.40,1.61,2.38,1.59,2.50,1.56,2.52,1.56,2.50,1.56
11,24:9:7:22:13,2.40,1.61,2.38,1.59,2.50,1.56,2.52,1.56,2.54,1.54
12,24:9:7:22:19,2.40,1.61,2.38,1.59,2.50,1.56,2.52,1.56,2.50,1.56
13,24:9:7:22:44,2.40,1.61,2.46,1.56,2.50,1.56,2.52,1.56,2.50,1.56
14,24:9:7:23:14,2.40,1.61,2.42,1.57,2.50,1.56,2.52,1.56,2.50,1.56
15,24:9:7:23:39,2.40,1.61,2.48,1.54,2.50,1.56,2.52,1.56,2.50,1.56
16,24:9:8:01:19,2.40,1.61,2.42,1.57,2.50,1.56,2.52,1.56,2.50,1.56
17,24:9:8:03:04,2.40,1.61,2.42,1.57,2.55,1.54,2.52,1.56,2.50,1.56
18,24:9:8:03:36,2.40,1.61,2.42,1.57,2.55,1.54,2.52,1.56,2.64,1.51
19,24:9:8:03:49,2.40,1.61,2.42,1.57,2.55,1.54,2.58,1.53,2.64,1.51
20,24:9:8:05:09,2.40,1.61,2.52,1.53,2.55,1.54,2.58,1.53,2.64,1.51
21,24:9:8:05:49,2.40,1.61,2.54,1.52,2.55,1.54,2.58,1.53,2.64,1.51
22,24:9:8:06:09,2.40,1.61,2.54,1.52,2.55,1.54,2.58,1.53,2.60,1.52
23,24:9:8:06:19,2.40,1.61,2.54,1.52,2.55,1.54,2.58,1.53,2.70,1.49
24,24:9:8:07:29,2.55,1.53,2.54,1.52,2.55,1.54,2.58,1.53,2.70,1.49
25,24:9:8:08:07,2.55,1.53,2.56,1.52,2.85,1.44,2.58,1.53,2.80,1.46
26,24:9:8:08:09,2.55,1.53,2.54,1.52,2.85,1.44,2.85,1.44,2.80,1.46
27,24:9:8:08:14,2.70,1.48,2.54,1.52,2.85,1.44,2.85,1.44,2.80,1.46
28,24:9:8:09:14,2.70,1.48,2.64,1.49,2.75,1.48,2.85,1.44,2.80,1.46
29,24:9:8:09:44,2.80,1.44,2.68,1.48,2.75,1.48,2.85,1.44,2.80,1.46
30,24:9:8:10:29,2.80,1.44,2.72,1.47,2.75,1.48,2.85,1.44,2.80,1.46
31,24:9:8:11:29,2.80,1.44,2.64,1.49,2.75,1.48,2.85,1.44,2.80,1.46
32,24:9:8:11:44,2.80,1.44,2.72,1.47,2.75,1.48,2.85,1.44,2.80,1.46
33,24:9:8:11:49,2.80,1.44,2.68,1.48,2.75,1.48,2.85,1.44,2.80,1.46
34,24:9:8:12:19,2.80,1.44,2.72,1.47,2.75,1.48,2.85,1.44,2.80,1.46
35,24:9:8:13:04,2.80,1.44,3.90,1.26,2.75,1.48,2.85,1.44,2.80,1.46
36,24:9:8:13:09,2.80,1.44,3.85,1.27,3.40,1.33,3.10,1.38,2.80,1.46
37,24:9:8:13:14,3.80,1.29,3.80,1.27,3.65,1.30,3.10,1.38,3.35,1.34
38,24:9:8:13:19,3.80,1.29,3.80,1.27,3.75,1.29,3.85,1.27,3.70,1.29
39,24:9:8:13:24,3.80,1.29,4.20,1.23,4.20,1.25,3.85,1.27,4.10,1.25
40,24:9:8:13:29,3.80,1.29,4.40,1.21,4.20,1.25,4.60,1.21,4.30,1.24
41,24:9:8:13:34,4.10,1.25,4.60,1.20,4.20,1.25,4.60,1.21,4.30,1.24
42,24:9:8:13:39,4.10,1.25,4.50,1.21,4.20,1.25,4.60,1.21,4.30,1.24
43,24:9:8:13:59,4.10,1.25,4.60,1.20,4.20,1.25,4.60,1.21,4.40,1.23
44,24:9:8:14:09,4.10,1.25,4.60,1.20,4.25,1.24,4.60,1.21,4.40,1.23
45,24:9:8:14:44,4.40,1.22,4.60,1.20,4.25,1.24,5.00,1.18,4.60,1.21
46,24:9:8:14:49,4.40,1.22,4.50,1.21,4.25,1.24,5.00,1.18,4.60,1.21
47,24:9:8:15:04,4.40,1.22,4.60,1.20,4.25,1.24,5.00,1.18,4.60,1.21
48,24:9:8:15:09,4.60,1.20,4.60,1.20,4.25,1.24,5.00,1.18,4.60,1.21
