,Date,Fanduel Odds[mia],Fanduel Odds[pit],Cesears Odds[mia],Cesears Odds[pit],Bet365 Odds[mia],Bet365 Odds[pit],DraftKings Odds[mia],DraftKings Odds[pit],BetMGM Odds[mia],BetMGM Odds[pit]
0,24:9:9:21:03,1.01,1.01,N/A,N/A,N/A,N/A,N/A,N/A,N/A,N/A
1,24:9:9:22:46,1.01,1.01,N/A,N/A,N/A,N/A,2.18,1.71,N/A,N/A
2,24:9:9:22:56,1.01,1.01,2.26,1.68,N/A,N/A,2.18,1.71,N/A,N/A
3,24:9:9:23:21,2.25,1.67,2.26,1.68,N/A,N/A,2.18,1.71,N/A,N/A
4,24:9:9:23:26,2.25,1.67,2.26,1.68,2.15,1.74,2.18,1.71,N/A,N/A
5,24:9:9:23:43,2.25,1.67,2.26,1.68,2.15,1.74,2.18,1.71,2.20,1.70
6,24:9:10:07:56,2.20,1.69,2.26,1.68,2.15,1.74,2.18,1.71,2.20,1.70
7,24:9:10:08:31,2.20,1.69,2.24,1.68,2.15,1.74,2.18,1.71,2.20,1.70
8,24:9:10:08:41,2.20,1.69,2.26,1.68,2.20,1.71,2.18,1.71,2.20,1.70
9,24:9:10:08:46,2.20,1.69,2.26,1.68,2.20,1.71,2.26,1.67,2.20,1.70
10,24:9:10:08:51,2.20,1.69,2.26,1.68,2.20,1.71,2.26,1.67,2.24,1.68
11,24:9:10:09:26,2.30,1.65,2.26,1.68,2.20,1.71,2.26,1.67,2.24,1.68
12,24:9:10:09:41,2.30,1.65,2.26,1.68,2.25,1.67,2.26,1.67,2.24,1.68
13,24:9:10:09:46,2.30,1.65,2.26,1.68,2.25,1.67,2.26,1.67,2.30,1.65
14,24:9:10:09:51,2.30,1.65,2.36,1.62,2.25,1.67,2.26,1.67,2.30,1.65
15,24:9:10:10:06,2.30,1.65,2.36,1.62,2.25,1.67,2.30,1.65,2.30,1.65
16,24:9:10:10:26,2.30,1.65,2.34,1.63,2.25,1.67,2.30,1.65,2.30,1.65
17,24:9:10:15:31,2.30,1.65,2.34,1.63,2.30,1.65,2.30,1.65,2.36,1.62
18,24:9:10:15:36,2.35,1.63,2.34,1.63,2.30,1.65,2.30,1.65,2.36,1.62
