,Date,Fanduel Odds[min],Fanduel Odds[con],Cesears Odds[min],Cesears Odds[con],Bet365 Odds[min],Bet365 Odds[con],DraftKings Odds[min],DraftKings Odds[con],BetMGM Odds[min],BetMGM Odds[con]
0,24:10:1:23:36,N/A,N/A,N/A,N/A,N/A,N/A,N/A,N/A,2.05,1.80
1,24:10:1:23:41,2.05,1.80,N/A,N/A,2.00,1.83,2.05,1.80,2.05,1.80
2,24:10:1:23:50,2.05,1.80,N/A,N/A,2.00,1.83,2.00,1.83,2.05,1.80
3,24:10:1:23:56,2.05,1.80,N/A,N/A,2.00,1.83,2.05,1.80,2.05,1.80
4,24:10:2:00:16,2.05,1.80,2.08,1.76,2.00,1.83,2.05,1.80,2.05,1.80
5,24:10:2:00:26,2.05,1.80,2.08,1.76,2.00,1.83,2.00,1.83,2.05,1.80
6,24:10:2:00:41,2.05,1.80,2.04,1.78,2.00,1.83,2.00,1.83,2.05,1.80
7,24:10:2:01:21,2.05,1.80,2.04,1.78,2.05,1.80,2.05,1.80,2.05,1.80
8,24:10:2:01:47,2.05,1.80,2.06,1.77,2.05,1.80,2.05,1.80,2.05,1.80
9,24:10:2:05:28,2.05,1.80,2.08,1.76,2.05,1.80,2.05,1.80,2.05,1.80
10,24:10:2:06:01,2.05,1.80,2.10,1.75,2.05,1.80,2.05,1.80,2.05,1.80
11,24:10:2:06:50,2.05,1.80,2.04,1.78,2.05,1.80,2.05,1.80,2.05,1.80
12,24:10:2:08:41,2.05,1.80,2.04,1.78,2.10,1.77,2.10,1.77,2.05,1.80
13,24:10:2:11:21,2.05,1.80,2.04,1.78,2.10,1.77,2.10,1.77,2.10,1.77
14,24:10:2:13:31,2.05,1.80,2.04,1.78,2.10,1.77,2.10,1.77,2.05,1.80
15,24:10:2:14:21,2.05,1.80,2.04,1.78,2.10,1.77,2.10,1.77,2.10,1.77
16,24:10:2:16:06,2.05,1.80,2.08,1.76,2.10,1.77,2.10,1.77,2.10,1.77
17,24:10:2:20:31,2.05,1.80,2.10,1.75,2.10,1.77,2.10,1.77,2.10,1.77
18,24:10:2:21:57,2.05,1.80,2.08,1.76,2.10,1.77,2.10,1.77,2.10,1.77
19,24:10:3:00:52,2.05,1.80,2.10,1.75,2.10,1.77,2.10,1.77,2.10,1.77
