,Date,Fanduel Odds[min],Fanduel Odds[gb],Cesears Odds[min],Cesears Odds[gb],Bet365 Odds[min],Bet365 Odds[gb],DraftKings Odds[min],DraftKings Odds[gb],BetMGM Odds[min],BetMGM Odds[gb]
0,24:5:15:21:00,N/A,N/A,N/A,N/A,N/A,N/A,N/A,N/A,2.70,1.49
1,24:5:16:22:05,N/A,N/A,N/A,N/A,N/A,N/A,N/A,N/A,2.80,1.46
2,24:5:17:14:50,N/A,N/A,N/A,N/A,N/A,N/A,2.96,1.42,2.80,1.46
3,24:9:17:14:20,N/A,N/A,1.79,2.08,N/A,N/A,2.96,1.42,2.80,1.46
4,24:9:17:15:20,N/A,N/A,1.79,2.08,N/A,N/A,2.96,1.42,1.77,2.10
5,24:9:17:17:35,N/A,N/A,1.79,2.08,1.77,2.10,2.96,1.42,1.77,2.10
6,24:9:17:19:05,N/A,N/A,1.79,2.08,1.77,2.10,2.96,1.42,1.80,2.05
7,24:9:17:20:00,N/A,N/A,1.82,2.04,1.77,2.10,2.96,1.42,1.80,2.05
8,24:9:18:12:42,N/A,N/A,1.82,2.04,1.77,2.10,1.80,2.05,1.80,2.05
9,24:9:18:14:52,N/A,N/A,1.82,2.04,1.77,2.10,1.80,2.05,2.14,1.74
10,24:9:18:15:32,N/A,N/A,1.82,2.04,1.77,2.10,2.05,1.80,2.14,1.74
11,24:9:18:16:22,N/A,N/A,1.82,2.04,1.77,2.10,2.10,1.77,2.14,1.74
12,24:9:20:03:42,N/A,N/A,1.82,2.04,2.20,1.71,2.10,1.77,2.14,1.74
13,24:9:20:05:22,N/A,N/A,1.82,2.04,2.20,1.71,2.15,1.74,2.14,1.74
14,24:9:21:08:42,N/A,N/A,1.82,2.04,2.20,1.71,2.30,1.65,2.14,1.74
15,24:9:21:11:47,N/A,N/A,1.82,2.04,2.20,1.71,2.10,1.77,2.14,1.74
16,24:9:21:20:42,N/A,N/A,1.82,2.04,2.25,1.67,2.10,1.77,2.14,1.74
17,24:9:22:11:47,N/A,N/A,1.82,2.04,2.25,1.67,2.18,1.71,2.14,1.74
18,24:9:22:19:32,N/A,N/A,1.82,2.04,2.15,1.74,2.18,1.71,2.14,1.74
19,24:9:22:19:37,2.20,1.69,1.82,2.04,2.15,1.74,2.18,1.71,2.14,1.74
20,24:9:22:19:42,2.20,1.69,2.26,1.68,2.15,1.74,2.18,1.71,2.14,1.74
21,24:9:22:20:12,2.20,1.69,2.26,1.68,2.15,1.74,2.15,1.74,2.14,1.74
22,24:9:22:21:02,2.20,1.69,2.14,1.75,2.15,1.74,2.15,1.74,2.14,1.74
23,24:9:23:08:31,2.20,1.69,2.14,1.75,2.15,1.74,2.18,1.71,2.14,1.74
24,24:9:23:08:36,2.20,1.69,2.14,1.75,2.20,1.71,2.18,1.71,2.20,1.70
25,24:9:23:09:01,2.20,1.69,2.14,1.75,2.25,1.67,2.22,1.69,2.36,1.62
26,24:9:23:09:06,2.20,1.69,2.14,1.75,2.25,1.67,2.22,1.69,2.24,1.68
27,24:9:23:09:16,2.20,1.69,2.24,1.68,2.25,1.67,2.22,1.69,2.24,1.68
28,24:9:23:09:21,2.20,1.69,2.26,1.68,2.25,1.67,2.22,1.69,2.24,1.68
29,24:9:23:10:21,2.20,1.69,2.26,1.68,2.25,1.67,2.22,1.69,2.20,1.70
30,24:9:23:10:27,2.20,1.69,2.26,1.68,2.20,1.71,2.22,1.69,2.14,1.74
31,24:9:23:10:31,2.15,1.74,2.14,1.75,2.15,1.74,2.22,1.69,2.10,1.77
32,24:9:23:10:41,2.15,1.74,2.14,1.75,2.15,1.74,2.10,1.77,2.10,1.77
33,24:9:23:10:51,2.15,1.74,2.14,1.75,2.15,1.74,2.15,1.74,2.10,1.77
34,24:9:23:11:01,2.15,1.74,2.24,1.68,2.15,1.74,2.15,1.74,2.14,1.74
35,24:9:23:11:06,2.15,1.74,2.22,1.69,2.15,1.74,2.15,1.74,2.14,1.74
36,24:9:23:11:21,2.15,1.74,2.22,1.69,2.20,1.71,2.15,1.74,2.14,1.74
37,24:9:23:14:01,2.15,1.74,2.24,1.68,2.15,1.74,2.15,1.74,2.10,1.77
38,24:9:23:15:11,2.15,1.74,2.24,1.68,2.15,1.74,2.15,1.74,2.14,1.74
39,24:9:23:15:16,2.15,1.74,2.24,1.68,2.25,1.67,2.15,1.74,2.14,1.74
40,24:9:23:15:21,2.15,1.74,2.24,1.68,2.25,1.67,2.18,1.71,2.20,1.70
41,24:9:23:16:21,2.15,1.74,2.24,1.68,2.20,1.71,2.18,1.71,2.20,1.70
42,24:9:23:18:16,2.15,1.74,2.24,1.68,2.20,1.71,2.26,1.67,2.20,1.70
43,24:9:23:23:06,2.15,1.74,2.24,1.68,2.20,1.71,2.26,1.67,2.14,1.74
44,24:9:24:07:36,2.15,1.74,2.22,1.69,2.20,1.71,2.26,1.67,2.14,1.74
45,24:9:24:09:56,2.15,1.74,2.22,1.69,2.20,1.71,2.26,1.67,2.10,1.77
46,24:9:24:11:01,2.15,1.74,2.22,1.69,2.20,1.71,2.26,1.67,2.14,1.74
47,24:9:24:11:52,2.15,1.74,2.22,1.69,2.20,1.71,2.26,1.67,2.20,1.70
48,24:9:24:12:16,2.15,1.74,2.22,1.69,2.20,1.71,2.26,1.67,2.14,1.74
49,24:9:24:13:17,2.15,1.74,2.20,1.70,2.20,1.71,2.26,1.67,2.14,1.74
50,24:9:24:13:36,2.15,1.74,2.24,1.68,2.20,1.71,2.26,1.67,2.14,1.74
51,24:9:24:13:41,2.15,1.74,2.20,1.70,2.20,1.71,2.26,1.67,2.14,1.74
52,24:9:24:13:56,2.15,1.74,2.22,1.69,2.20,1.71,2.26,1.67,2.14,1.74
53,24:9:24:14:01,2.15,1.74,2.20,1.70,2.20,1.71,2.26,1.67,2.14,1.74
54,24:9:24:14:41,2.15,1.74,2.22,1.69,2.20,1.71,2.26,1.67,2.14,1.74
55,24:9:24:22:06,2.15,1.74,2.22,1.69,2.20,1.71,2.26,1.67,2.20,1.70
56,24:9:25:10:16,2.15,1.74,2.24,1.68,2.20,1.71,2.26,1.67,2.20,1.70
57,24:9:25:10:26,2.15,1.74,2.20,1.70,2.20,1.71,2.26,1.67,2.20,1.70
58,24:9:25:10:31,2.15,1.74,2.22,1.69,2.20,1.71,2.26,1.67,2.20,1.70
59,24:9:25:10:46,2.15,1.74,2.20,1.70,2.20,1.71,2.26,1.67,2.20,1.70
60,24:9:25:18:11,2.15,1.74,2.22,1.69,2.20,1.71,2.26,1.67,2.20,1.70
61,24:9:25:20:51,2.15,1.74,2.20,1.70,2.20,1.71,2.26,1.67,2.20,1.70
