,Date,Fanduel Odds[min],Fanduel Odds[atl],Cesears Odds[min],Cesears Odds[atl],Bet365 Odds[min],Bet365 Odds[atl],DraftKings Odds[min],DraftKings Odds[atl],BetMGM Odds[min],BetMGM Odds[atl]
0,24:9:8:18:49,N/A,N/A,N/A,N/A,N/A,N/A,1.47,2.78,N/A,N/A
1,24:9:8:18:59,N/A,N/A,1.42,2.90,N/A,N/A,1.47,2.78,N/A,N/A
2,24:9:8:19:44,N/A,N/A,1.42,2.90,N/A,N/A,1.45,2.80,N/A,N/A
3,24:9:8:20:14,N/A,N/A,1.43,2.86,N/A,N/A,1.45,2.80,1.43,2.90
4,24:9:8:20:29,N/A,N/A,1.43,2.86,N/A,N/A,1.44,2.85,1.43,2.90
5,24:9:8:21:29,N/A,N/A,1.42,2.90,N/A,N/A,1.42,2.96,1.43,2.90
6,24:9:8:21:39,N/A,N/A,1.42,2.90,1.43,2.90,1.42,2.96,1.43,2.90
7,24:9:8:21:54,N/A,N/A,1.42,2.90,1.43,2.90,1.43,2.92,1.43,2.90
8,24:9:8:22:24,N/A,N/A,1.42,2.90,1.43,2.90,1.45,2.80,1.43,2.90
9,24:9:8:22:49,N/A,N/A,1.42,2.90,1.43,2.90,1.44,2.85,1.43,2.90
10,24:9:8:22:54,N/A,N/A,1.43,2.86,1.43,2.90,1.44,2.85,1.43,2.90
11,24:9:8:23:04,1.44,2.80,1.43,2.86,1.43,2.90,1.45,2.80,1.43,2.90
12,24:9:8:23:39,1.44,2.80,1.43,2.84,1.43,2.90,1.45,2.80,1.43,2.90
13,24:9:9:02:14,1.44,2.80,1.40,2.98,1.43,2.90,1.45,2.80,1.43,2.90
14,24:9:9:03:44,1.44,2.80,1.43,2.86,1.43,2.90,1.45,2.80,1.43,2.90
15,24:9:9:07:29,1.44,2.80,1.43,2.86,1.42,2.95,1.45,2.80,1.43,2.90
16,24:9:9:09:14,1.44,2.80,1.43,2.84,1.42,2.95,1.45,2.80,1.43,2.90
17,24:9:9:09:24,1.44,2.80,1.45,2.76,1.42,2.95,1.45,2.80,1.43,2.90
18,24:9:9:11:37,1.44,2.80,1.44,2.80,1.42,2.95,1.45,2.80,1.43,2.90
19,24:9:9:13:27,1.44,2.80,1.43,2.84,1.42,2.95,1.45,2.80,1.43,2.90
20,24:9:9:15:27,1.44,2.80,1.43,2.86,1.42,2.95,1.45,2.80,1.43,2.90
21,24:9:9:16:12,1.44,2.80,1.43,2.86,1.44,2.85,1.45,2.80,1.43,2.90
22,24:9:9:16:27,1.44,2.80,1.44,2.80,1.44,2.85,1.45,2.80,1.43,2.90
23,24:9:9:16:35,1.44,2.80,1.43,2.84,1.44,2.85,1.45,2.80,1.43,2.90
24,24:9:9:17:37,1.44,2.80,1.44,2.80,1.44,2.85,1.45,2.80,1.43,2.90
25,24:9:9:17:47,1.44,2.80,1.44,2.80,1.44,2.85,1.45,2.80,1.44,2.85
26,24:9:9:19:37,1.44,2.80,1.45,2.76,1.44,2.85,1.45,2.80,1.44,2.85
27,24:9:9:19:47,1.44,2.80,1.45,2.76,1.44,2.85,1.45,2.80,1.42,2.95
28,24:9:9:20:30,1.44,2.80,1.44,2.80,1.44,2.85,1.43,2.92,1.42,2.95
29,24:9:9:20:39,1.44,2.80,1.43,2.86,1.44,2.85,1.43,2.92,1.42,2.95
30,24:9:9:22:27,1.44,2.80,1.41,2.94,1.44,2.85,1.43,2.92,1.42,2.95
31,24:9:9:22:32,1.44,2.80,1.43,2.86,1.44,2.85,1.43,2.92,1.42,2.95
32,24:9:9:22:52,1.44,2.80,1.43,2.86,1.44,2.85,1.43,2.92,1.44,2.85
33,24:9:9:23:07,1.44,2.80,1.43,2.86,1.44,2.85,1.43,2.92,1.46,2.80
34,24:9:9:23:12,1.44,2.80,1.43,2.84,1.44,2.85,1.43,2.92,1.46,2.80
35,24:9:9:23:32,1.44,2.80,1.47,2.72,1.44,2.85,1.43,2.92,1.46,2.80
36,24:9:9:23:42,1.44,2.80,1.47,2.72,1.44,2.85,1.48,2.75,1.46,2.80
37,24:9:10:00:52,1.44,2.80,1.45,2.76,1.44,2.85,1.48,2.75,1.46,2.80
38,24:9:10:01:05,1.44,2.80,1.45,2.76,1.44,2.85,1.47,2.78,1.46,2.80
39,24:9:10:02:27,1.44,2.80,1.47,2.72,1.44,2.85,1.47,2.78,1.46,2.80
40,24:9:10:05:12,1.44,2.80,1.45,2.76,1.44,2.85,1.47,2.78,1.46,2.80
41,24:9:10:05:37,1.44,2.80,1.47,2.72,1.44,2.85,1.47,2.78,1.46,2.80
42,24:9:10:07:44,1.44,2.80,1.44,2.80,1.44,2.85,1.47,2.78,1.46,2.80
43,24:9:10:08:22,1.44,2.85,1.43,2.84,1.44,2.85,1.47,2.78,1.46,2.80
44,24:9:10:08:47,1.44,2.85,1.43,2.84,1.44,2.85,1.47,2.78,1.43,2.90
45,24:9:10:09:07,1.44,2.85,1.43,2.84,1.44,2.85,1.47,2.78,1.46,2.80
46,24:9:10:09:12,1.44,2.85,1.48,2.68,1.48,2.75,1.47,2.78,1.46,2.80
47,24:9:10:09:17,1.44,2.85,1.48,2.68,1.48,2.75,1.47,2.78,1.51,2.64
48,24:9:10:09:22,1.50,2.65,1.48,2.68,1.48,2.75,1.47,2.78,1.51,2.64
49,24:9:10:09:32,1.50,2.65,1.47,2.72,1.48,2.75,1.49,2.70,1.51,2.64
50,24:9:10:09:37,1.50,2.65,1.48,2.68,1.48,2.75,1.49,2.70,1.51,2.64
51,24:9:10:09:43,1.50,2.65,1.47,2.72,1.48,2.75,1.49,2.70,1.49,2.70
52,24:9:10:09:52,1.48,2.70,1.47,2.72,1.48,2.75,1.49,2.70,1.49,2.70
53,24:9:10:10:22,1.48,2.70,1.47,2.72,1.48,2.75,1.51,2.62,1.49,2.70
54,24:9:10:10:27,1.48,2.70,1.48,2.68,1.48,2.75,1.51,2.62,1.51,2.64
55,24:9:10:10:42,1.48,2.70,1.49,2.64,1.48,2.75,1.51,2.62,1.51,2.64
56,24:9:10:10:47,1.48,2.70,1.49,2.64,1.50,2.65,1.51,2.62,1.51,2.64
57,24:9:10:11:27,1.50,2.65,1.49,2.64,1.50,2.65,1.51,2.62,1.51,2.64
58,24:9:10:12:02,1.50,2.65,1.47,2.72,1.50,2.65,1.51,2.62,1.51,2.64
59,24:9:10:12:17,1.50,2.65,1.44,2.80,1.50,2.65,1.51,2.62,1.51,2.64
60,24:9:10:12:22,1.50,2.65,1.43,2.86,1.48,2.75,1.45,2.80,1.46,2.80
61,24:9:10:12:32,1.44,2.80,1.43,2.86,1.48,2.75,1.45,2.80,1.44,2.85
62,24:9:10:12:37,1.44,2.80,1.43,2.86,1.44,2.85,1.45,2.80,1.44,2.85
63,24:9:10:12:42,1.44,2.80,1.43,2.86,1.44,2.85,1.45,2.80,1.43,2.90
64,24:9:10:12:57,1.44,2.80,1.43,2.86,1.44,2.85,1.45,2.80,1.44,2.85
65,24:9:10:13:05,1.44,2.80,1.43,2.86,1.45,2.80,1.45,2.80,1.44,2.85
66,24:9:10:13:17,1.44,2.80,1.43,2.86,1.45,2.80,1.44,2.85,1.46,2.80
67,24:9:10:13:52,1.44,2.80,1.42,2.90,1.45,2.80,1.44,2.85,1.46,2.80
68,24:9:10:14:27,1.44,2.80,1.43,2.86,1.45,2.80,1.44,2.85,1.46,2.80
69,24:9:10:15:07,1.44,2.85,1.43,2.86,1.45,2.80,1.44,2.85,1.46,2.80
70,24:9:10:15:47,1.44,2.85,1.43,2.86,1.45,2.80,1.42,2.96,1.46,2.80
71,24:9:10:16:12,1.44,2.85,1.43,2.86,1.44,2.85,1.42,2.96,1.43,2.90
72,24:9:10:16:41,1.40,2.95,1.43,2.86,1.44,2.85,1.42,2.96,1.43,2.90
73,24:9:10:16:52,1.40,2.95,1.41,2.94,1.44,2.85,1.42,2.96,1.43,2.90
