,Date,Fanduel Odds[ne],Fanduel Odds[nyj],Cesears Odds[ne],Cesears Odds[nyj],Bet365 Odds[ne],Bet365 Odds[nyj],DraftKings Odds[ne],DraftKings Odds[nyj],BetMGM Odds[ne],BetMGM Odds[nyj]
0,24:5:15:20:50,N/A,N/A,N/A,N/A,N/A,N/A,N/A,N/A,3.75,1.29
1,24:5:17:15:15,N/A,N/A,N/A,N/A,N/A,N/A,3.50,1.31,3.75,1.29
2,24:7:18:16:02,N/A,N/A,N/A,N/A,N/A,N/A,3.50,1.31,3.80,1.28
3,24:8:19:17:36,N/A,N/A,N/A,N/A,N/A,N/A,3.50,1.31,3.85,1.28
4,24:8:28:10:23,N/A,N/A,N/A,N/A,N/A,N/A,3.50,1.31,3.80,1.28
5,24:8:29:16:38,N/A,N/A,N/A,N/A,N/A,N/A,3.50,1.31,3.85,1.28
6,24:9:10:14:07,N/A,N/A,N/A,N/A,N/A,N/A,3.50,1.31,3.50,1.32
7,24:9:10:17:10,N/A,N/A,3.90,1.28,N/A,N/A,3.50,1.31,3.50,1.32
8,24:9:11:03:32,N/A,N/A,3.90,1.28,3.60,1.31,3.50,1.31,3.50,1.32
9,24:9:11:11:24,N/A,N/A,3.90,1.28,3.60,1.31,3.50,1.31,3.40,1.34
10,24:9:11:16:00,N/A,N/A,3.90,1.28,3.50,1.32,3.50,1.31,3.40,1.34
11,24:9:11:21:04,N/A,N/A,3.90,1.28,3.45,1.33,3.50,1.31,3.40,1.34
12,24:9:12:07:39,N/A,N/A,3.85,1.28,3.45,1.33,3.50,1.31,3.40,1.34
13,24:9:13:08:09,N/A,N/A,3.85,1.28,3.75,1.29,3.50,1.31,3.40,1.34
14,24:9:15:06:24,N/A,N/A,3.85,1.28,3.50,1.32,3.50,1.31,3.40,1.34
15,24:9:15:18:39,3.20,1.36,3.85,1.28,3.50,1.32,3.50,1.31,3.40,1.34
16,24:9:15:18:59,3.20,1.36,3.45,1.33,3.50,1.32,3.50,1.31,3.40,1.34
17,24:9:15:19:04,3.20,1.36,3.45,1.33,3.40,1.33,3.50,1.31,3.40,1.34
18,24:9:15:19:19,3.20,1.36,3.40,1.34,3.40,1.33,3.50,1.31,3.40,1.34
19,24:9:15:19:44,3.20,1.36,3.40,1.34,3.40,1.33,3.40,1.33,3.40,1.34
20,24:9:15:22:39,3.20,1.36,3.40,1.34,3.40,1.33,3.40,1.33,3.45,1.33
21,24:9:16:09:00,3.20,1.36,3.45,1.33,3.40,1.33,3.40,1.33,3.45,1.33
22,24:9:16:10:15,3.20,1.36,3.40,1.34,3.40,1.33,3.40,1.33,3.45,1.33
23,24:9:16:10:20,3.20,1.36,3.45,1.33,3.40,1.33,3.40,1.33,3.45,1.33
24,24:9:16:10:55,3.40,1.33,3.45,1.33,3.40,1.33,3.40,1.33,3.45,1.33
25,24:9:16:12:35,3.40,1.33,3.45,1.33,3.40,1.33,3.22,1.36,3.45,1.33
26,24:9:16:13:05,3.40,1.33,3.45,1.33,3.35,1.34,3.22,1.36,3.45,1.33
27,24:9:16:13:30,3.40,1.33,3.35,1.34,3.30,1.36,3.22,1.36,3.45,1.33
28,24:9:16:13:42,3.40,1.33,3.35,1.34,3.30,1.36,3.22,1.36,3.10,1.39
29,24:9:16:14:13,3.20,1.36,3.35,1.34,3.30,1.36,3.22,1.36,3.10,1.39
30,24:9:16:14:20,3.20,1.36,3.35,1.34,3.30,1.36,3.15,1.37,3.10,1.39
31,24:9:16:14:45,3.20,1.36,3.35,1.34,3.30,1.36,3.15,1.37,2.95,1.42
32,24:9:16:15:15,3.20,1.36,3.35,1.34,3.30,1.36,3.15,1.37,3.05,1.40
33,24:9:16:15:30,3.20,1.36,3.15,1.38,3.30,1.36,3.15,1.37,3.05,1.40
34,24:9:16:17:00,3.20,1.36,3.15,1.38,3.30,1.36,3.15,1.37,3.00,1.41
35,24:9:16:18:10,3.20,1.36,3.15,1.38,3.30,1.36,3.15,1.37,2.95,1.42
36,24:9:16:19:15,3.20,1.36,3.05,1.40,3.30,1.36,3.15,1.37,2.95,1.42
37,24:9:16:19:35,3.20,1.36,3.15,1.38,3.35,1.34,3.15,1.37,3.20,1.37
38,24:9:16:19:43,3.20,1.36,3.15,1.38,3.35,1.34,3.15,1.37,3.25,1.36
39,24:9:16:19:55,3.20,1.36,3.15,1.38,3.35,1.34,3.28,1.35,3.25,1.36
40,24:9:17:00:05,3.20,1.36,3.15,1.38,3.35,1.34,3.28,1.35,3.35,1.34
41,24:9:17:00:20,3.20,1.36,3.25,1.36,3.35,1.34,3.28,1.35,3.35,1.34
42,24:9:17:01:20,3.20,1.36,3.25,1.36,3.35,1.34,3.28,1.35,3.30,1.35
43,24:9:17:03:00,3.20,1.36,3.15,1.38,3.35,1.34,3.28,1.35,3.30,1.35
44,24:9:17:03:57,3.20,1.36,3.15,1.38,3.35,1.34,3.28,1.35,3.35,1.34
45,24:9:17:06:52,3.20,1.36,3.15,1.38,3.35,1.34,3.35,1.34,3.35,1.34
46,24:9:17:08:30,3.20,1.36,3.30,1.36,3.35,1.34,3.35,1.34,3.35,1.34
47,24:9:17:09:21,3.20,1.36,3.30,1.36,3.35,1.34,3.35,1.34,3.40,1.34
48,24:9:17:12:42,3.20,1.36,3.40,1.34,3.35,1.34,3.35,1.34,3.40,1.34
49,24:9:17:12:50,3.20,1.36,3.35,1.34,3.35,1.34,3.35,1.34,3.30,1.35
50,24:9:17:19:30,3.20,1.36,3.50,1.32,3.35,1.34,3.35,1.34,3.30,1.35
51,24:9:17:22:30,3.20,1.36,3.30,1.36,3.25,1.36,3.35,1.34,3.25,1.36
52,24:9:17:22:40,3.20,1.36,3.25,1.36,3.20,1.37,3.35,1.34,3.25,1.36
53,24:9:17:22:50,3.20,1.36,3.25,1.36,3.20,1.37,3.22,1.36,3.25,1.36
54,24:9:18:05:46,3.20,1.36,3.25,1.36,3.20,1.37,3.22,1.36,3.30,1.35
55,24:9:18:05:50,3.20,1.36,3.25,1.36,3.30,1.36,3.22,1.36,3.30,1.35
56,24:9:18:05:55,3.20,1.36,3.25,1.36,3.30,1.36,3.28,1.35,3.30,1.35
57,24:9:18:09:57,3.20,1.36,3.25,1.36,3.30,1.36,3.28,1.35,3.25,1.36
58,24:9:18:10:02,3.20,1.36,3.25,1.36,3.25,1.36,3.28,1.35,3.25,1.36
59,24:9:18:10:28,3.20,1.36,3.25,1.36,3.25,1.36,3.22,1.36,3.25,1.36
60,24:9:18:11:32,3.20,1.36,3.25,1.36,3.30,1.36,3.22,1.36,3.25,1.36
61,24:9:18:11:57,3.20,1.36,3.25,1.36,3.30,1.36,3.28,1.35,3.30,1.35
62,24:9:18:12:02,3.20,1.36,3.25,1.36,3.20,1.37,3.28,1.35,3.20,1.37
63,24:9:18:12:12,3.20,1.36,3.25,1.36,3.20,1.37,3.28,1.35,3.15,1.38
64,24:9:18:12:17,3.20,1.36,3.20,1.37,3.20,1.37,3.28,1.35,3.15,1.38
65,24:9:18:12:22,3.20,1.36,3.20,1.37,3.20,1.37,3.15,1.37,3.15,1.38
66,24:9:18:12:27,3.20,1.36,3.20,1.37,3.20,1.37,3.15,1.37,3.20,1.37
67,24:9:18:14:27,3.20,1.36,3.20,1.37,3.20,1.37,3.15,1.37,3.25,1.36
68,24:9:18:14:47,3.20,1.36,3.20,1.37,3.20,1.37,3.22,1.36,3.25,1.36
69,24:9:18:17:27,3.20,1.36,3.20,1.37,3.20,1.37,3.15,1.37,3.25,1.36
70,24:9:18:18:22,3.20,1.36,3.20,1.37,3.25,1.36,3.15,1.37,3.25,1.36
71,24:9:18:18:52,3.20,1.36,3.20,1.37,3.25,1.36,3.22,1.36,3.25,1.36
72,24:9:18:19:12,3.20,1.36,3.05,1.40,3.25,1.36,3.22,1.36,3.25,1.36
73,24:9:18:20:22,3.20,1.36,3.10,1.39,3.25,1.36,3.22,1.36,3.25,1.36
74,24:9:18:21:02,3.20,1.36,3.10,1.39,3.25,1.36,3.22,1.36,3.20,1.37
75,24:9:18:22:17,3.20,1.36,3.10,1.39,3.25,1.36,3.22,1.36,3.25,1.36
76,24:9:19:00:12,3.20,1.36,3.10,1.39,3.25,1.36,3.22,1.36,3.20,1.37
77,24:9:19:01:17,3.20,1.36,3.10,1.39,3.25,1.36,3.15,1.37,3.20,1.37
