,Date,Fanduel Odds[nj],Fanduel Odds[buf],Cesears Odds[nj],Cesears Odds[buf],Bet365 Odds[nj],Bet365 Odds[buf],DraftKings Odds[nj],DraftKings Odds[buf],BetMGM Odds[nj],BetMGM Odds[buf]
0,24:7:2:20:35,N/A,N/A,N/A,N/A,N/A,N/A,N/A,N/A,1.65,2.30
1,24:7:3:15:20,N/A,N/A,1.63,2.32,N/A,N/A,N/A,N/A,1.65,2.30
2,24:7:3:15:45,N/A,N/A,1.60,2.38,N/A,N/A,N/A,N/A,1.65,2.30
3,24:7:3:17:40,N/A,N/A,1.60,2.38,N/A,N/A,N/A,N/A,1.62,2.36
4,24:10:1:12:59,N/A,N/A,1.63,2.32,N/A,N/A,N/A,N/A,1.62,2.36
5,24:10:1:15:59,N/A,N/A,1.61,2.36,N/A,N/A,N/A,N/A,1.62,2.36
6,24:10:1:16:21,N/A,N/A,1.62,2.34,N/A,N/A,N/A,N/A,1.62,2.36
7,24:10:1:16:29,N/A,N/A,1.61,2.36,N/A,N/A,N/A,N/A,1.62,2.36
8,24:10:2:05:04,N/A,N/A,1.61,2.36,N/A,N/A,1.62,2.35,1.62,2.36
9,24:10:2:10:04,N/A,N/A,1.62,2.34,N/A,N/A,1.62,2.35,1.62,2.36
10,24:10:2:11:19,N/A,N/A,1.62,2.34,1.67,2.25,1.62,2.35,1.68,2.24
11,24:10:2:11:39,N/A,N/A,1.62,2.34,1.67,2.25,1.67,2.26,1.68,2.24
12,24:10:2:11:44,N/A,N/A,1.62,2.34,1.67,2.25,1.65,2.30,1.68,2.24
13,24:10:2:13:34,1.67,2.25,1.62,2.34,1.67,2.25,1.65,2.30,1.68,2.24
14,24:10:2:18:09,1.67,2.25,1.63,2.32,1.67,2.25,1.65,2.30,1.68,2.24
15,24:10:2:18:54,1.67,2.25,1.63,2.32,1.67,2.25,1.67,2.26,1.68,2.24
16,24:10:2:18:59,1.67,2.25,1.69,2.18,1.67,2.25,1.67,2.26,1.68,2.24
17,24:10:3:01:14,1.67,2.25,1.68,2.20,1.67,2.25,1.67,2.26,1.68,2.24
18,24:7:10:04:26,1.67,2.25,1.68,2.20,1.65,2.30,1.67,2.26,1.68,2.24
19,24:7:14:16:06,1.67,2.25,1.68,2.20,1.65,2.30,1.61,2.40,1.68,2.24
20,24:7:29:16:12,1.63,2.35,1.68,2.20,1.65,2.30,1.61,2.40,1.68,2.24
21,24:8:18:13:42,1.63,2.35,1.59,2.40,1.65,2.30,1.61,2.40,1.68,2.24
22,24:8:18:13:47,1.63,2.35,1.61,2.36,1.65,2.30,1.61,2.40,1.68,2.24
23,24:9:12:12:55,1.63,2.35,1.64,2.30,1.65,2.30,1.61,2.40,1.68,2.24
24,24:9:12:13:52,1.63,2.35,1.64,2.30,1.65,2.30,1.62,2.35,1.68,2.24
25,24:9:18:16:09,1.63,2.35,1.64,2.30,1.65,2.30,1.61,2.40,1.68,2.24
26,24:9:23:06:59,1.63,2.35,1.64,2.30,1.65,2.30,1.62,2.30,1.68,2.24
27,24:9:23:10:29,1.63,2.35,1.64,2.30,1.65,2.30,1.61,2.40,1.68,2.24
28,24:9:23:11:34,1.63,2.35,1.64,2.30,1.65,2.30,1.62,2.30,1.68,2.24
29,24:9:23:11:51,1.63,2.35,1.64,2.30,1.65,2.30,1.61,2.40,1.68,2.24
30,24:9:23:12:24,1.63,2.35,1.64,2.30,1.65,2.30,1.62,2.30,1.68,2.24
31,24:9:23:13:09,1.63,2.35,1.64,2.30,1.65,2.30,1.62,2.35,1.68,2.24
32,24:9:24:12:59,1.63,2.35,1.64,2.30,1.65,2.30,1.61,2.40,1.68,2.24
33,24:9:27:11:54,1.63,2.35,1.64,2.30,1.65,2.30,1.62,2.35,1.68,2.24
34,24:9:27:18:51,1.63,2.35,1.64,2.30,1.65,2.30,1.62,2.35,1.65,2.30
35,24:9:27:18:54,1.63,2.35,1.64,2.30,1.65,2.30,1.65,2.30,1.65,2.30
36,24:9:30:16:49,1.65,2.30,1.64,2.30,1.65,2.30,1.65,2.30,1.65,2.30
