,Date,Fanduel Odds[no],Fanduel Odds[dal],Cesears Odds[no],Cesears Odds[dal],Bet365 Odds[no],Bet365 Odds[dal],DraftKings Odds[no],DraftKings Odds[dal],BetMGM Odds[no],BetMGM Odds[dal]
0,24:9:1:22:13,N/A,N/A,N/A,N/A,N/A,N/A,3.15,1.37,N/A,N/A
1,24:9:3:13:36,N/A,N/A,3.25,1.36,N/A,N/A,3.15,1.37,N/A,N/A
2,24:9:4:15:09,N/A,N/A,3.30,1.36,N/A,N/A,3.15,1.37,N/A,N/A
3,24:9:8:19:09,N/A,N/A,3.30,1.36,N/A,N/A,3.15,1.37,3.20,1.37
4,24:9:8:19:13,3.25,1.36,3.30,1.36,N/A,N/A,3.15,1.37,3.20,1.37
5,24:9:8:19:28,3.25,1.36,3.30,1.36,N/A,N/A,3.22,1.36,3.20,1.37
6,24:9:8:19:58,3.25,1.36,3.25,1.36,N/A,N/A,3.22,1.36,3.20,1.37
7,24:9:8:20:48,3.25,1.36,3.45,1.33,3.35,1.34,3.22,1.36,3.35,1.34
8,24:9:8:20:53,3.40,1.33,3.45,1.33,3.50,1.32,3.22,1.36,3.35,1.34
9,24:9:8:21:04,3.40,1.33,3.45,1.33,3.35,1.34,3.50,1.31,3.35,1.34
10,24:9:8:21:23,3.40,1.33,3.45,1.33,3.35,1.34,3.35,1.34,3.35,1.34
11,24:9:8:21:28,3.40,1.33,3.50,1.32,3.35,1.34,3.35,1.34,3.35,1.34
12,24:9:9:03:53,3.40,1.33,3.50,1.32,3.50,1.32,3.35,1.34,3.35,1.34
13,24:9:9:08:33,3.40,1.33,3.50,1.32,3.50,1.32,3.40,1.33,3.35,1.34
14,24:9:9:08:43,3.40,1.33,3.50,1.32,3.50,1.32,3.40,1.33,3.50,1.32
15,24:9:9:09:13,3.40,1.33,3.50,1.32,3.50,1.32,3.50,1.31,3.50,1.32
16,24:9:9:11:54,3.40,1.33,3.50,1.32,3.50,1.32,3.50,1.31,3.45,1.33
17,24:9:9:11:57,3.40,1.33,3.50,1.32,3.50,1.32,3.40,1.33,3.50,1.32
18,24:9:9:12:02,3.40,1.33,3.50,1.32,3.50,1.32,3.50,1.31,3.50,1.32
19,24:9:9:12:07,3.40,1.33,3.50,1.32,3.55,1.32,3.50,1.31,3.50,1.32
20,24:9:9:13:17,3.40,1.33,3.50,1.32,3.55,1.32,3.50,1.31,3.60,1.31
21,24:9:9:13:27,3.40,1.33,3.50,1.32,3.50,1.32,3.50,1.31,3.30,1.35
22,24:9:9:20:30,3.40,1.33,3.50,1.32,3.50,1.32,3.40,1.33,3.30,1.35
23,24:9:9:20:36,3.40,1.33,3.50,1.32,3.40,1.33,3.40,1.33,3.30,1.35
24,24:9:9:22:27,3.40,1.33,3.40,1.34,3.40,1.33,3.40,1.33,3.30,1.35
25,24:5:15:20:40,3.40,1.33,3.40,1.34,3.40,1.33,3.40,1.33,2.70,1.49
26,24:5:15:21:20,3.40,1.33,3.40,1.34,3.40,1.33,3.78,1.28,2.70,1.49
27,24:5:15:21:30,3.40,1.33,3.40,1.34,3.40,1.33,3.50,1.31,2.70,1.49
28,24:5:15:21:45,3.40,1.33,3.40,1.34,3.40,1.33,3.50,1.31,3.05,1.40
29,24:5:15:23:45,3.40,1.33,3.40,1.34,3.40,1.33,3.40,1.33,3.05,1.40
30,24:7:18:16:07,3.40,1.33,3.40,1.34,3.40,1.33,3.40,1.33,3.10,1.39
31,24:8:20:13:54,3.40,1.33,3.40,1.34,3.40,1.33,3.40,1.33,3.15,1.38
32,24:8:25:14:38,3.40,1.33,3.40,1.34,3.35,1.34,3.40,1.33,3.15,1.38
33,24:8:27:09:58,3.40,1.33,3.40,1.34,3.30,1.36,3.40,1.33,3.15,1.38
34,24:8:27:12:13,3.40,1.33,3.40,1.34,3.30,1.36,3.40,1.33,3.10,1.39
35,24:8:28:04:43,3.40,1.33,3.40,1.34,3.30,1.36,3.22,1.36,3.10,1.39
36,24:8:28:09:58,3.40,1.33,3.40,1.34,3.30,1.36,3.22,1.36,3.15,1.38
37,24:8:29:08:18,3.40,1.33,3.40,1.34,3.30,1.36,3.28,1.35,3.15,1.38
38,24:8:29:08:28,3.40,1.33,3.40,1.34,3.30,1.36,3.22,1.36,3.15,1.38
39,24:8:29:08:34,3.40,1.33,3.40,1.34,3.30,1.36,3.28,1.35,3.15,1.38
40,24:8:29:08:38,3.40,1.33,3.40,1.34,3.30,1.36,3.22,1.36,3.15,1.38
41,24:8:29:16:53,3.40,1.33,3.40,1.34,3.30,1.36,3.22,1.36,3.10,1.39
42,24:8:30:09:53,3.40,1.33,3.40,1.34,3.25,1.36,3.22,1.36,3.10,1.39
43,24:9:10:09:47,3.40,1.33,3.40,1.34,3.35,1.34,3.22,1.36,3.10,1.39
44,24:9:10:13:06,3.40,1.33,3.60,1.31,3.35,1.34,3.22,1.36,3.10,1.39
45,24:9:10:13:37,3.40,1.33,3.60,1.31,3.35,1.34,3.35,1.34,3.10,1.39
46,24:9:10:13:52,3.40,1.33,3.50,1.32,3.35,1.34,3.35,1.34,3.10,1.39
