,Date,Fanduel Odds[ny],Fanduel Odds[lv],Cesears Odds[ny],Cesears Odds[lv],Bet365 Odds[ny],Bet365 Odds[lv],DraftKings Odds[ny],DraftKings Odds[lv],BetMGM Odds[ny],BetMGM Odds[lv]
0,24:10:1:21:51,N/A,N/A,N/A,N/A,N/A,N/A,N/A,N/A,1.95,1.87
1,24:10:1:21:56,N/A,N/A,N/A,N/A,N/A,N/A,N/A,N/A,2.10,1.77
2,24:10:1:22:01,2.05,1.80,N/A,N/A,2.10,1.77,N/A,N/A,2.10,1.77
3,24:10:1:22:06,2.10,1.77,N/A,N/A,2.10,1.77,2.10,1.77,2.10,1.77
4,24:10:1:22:11,2.20,1.69,N/A,N/A,2.10,1.77,2.10,1.77,2.10,1.77
5,24:10:1:22:16,2.20,1.69,2.22,1.67,2.10,1.77,2.10,1.77,2.10,1.77
6,24:10:1:22:31,2.20,1.69,2.22,1.67,2.10,1.77,2.10,1.77,2.14,1.74
7,24:10:1:22:46,2.20,1.69,2.18,1.69,2.10,1.77,2.10,1.77,2.14,1.74
8,24:10:1:22:51,2.20,1.69,2.18,1.69,2.10,1.77,2.15,1.74,2.14,1.74
9,24:10:1:22:56,2.15,1.71,2.18,1.69,2.10,1.77,2.15,1.74,2.14,1.74
10,24:10:1:23:50,2.20,1.69,2.18,1.69,2.10,1.77,2.15,1.74,2.14,1.74
11,24:10:2:00:06,2.20,1.69,2.18,1.69,2.20,1.71,2.18,1.71,2.14,1.74
12,24:10:2:00:36,2.20,1.69,2.18,1.69,2.20,1.71,2.18,1.71,2.20,1.70
13,24:10:2:06:06,2.20,1.69,2.16,1.70,2.20,1.71,2.18,1.71,2.20,1.70
14,24:10:2:10:31,2.20,1.69,2.24,1.66,2.20,1.71,2.18,1.71,2.20,1.70
15,24:10:2:11:16,2.20,1.69,2.12,1.72,2.20,1.71,2.18,1.71,2.20,1.70
16,24:10:2:11:31,2.20,1.69,2.14,1.71,2.20,1.71,2.18,1.71,2.20,1.70
17,24:10:2:12:21,2.20,1.69,2.16,1.70,2.20,1.71,2.18,1.71,2.20,1.70
18,24:10:2:12:31,2.20,1.69,2.18,1.69,2.20,1.71,2.18,1.71,2.20,1.70
19,24:10:2:16:06,2.20,1.69,2.20,1.68,2.20,1.71,2.18,1.71,2.20,1.70
20,24:10:2:20:06,2.20,1.69,2.18,1.69,2.20,1.71,2.18,1.71,2.20,1.70
21,24:10:2:20:23,2.20,1.69,2.22,1.67,2.20,1.71,2.18,1.71,2.20,1.70
22,24:10:2:22:56,2.20,1.69,2.24,1.66,2.20,1.71,2.18,1.71,2.20,1.70
23,24:10:2:23:01,2.20,1.69,2.22,1.67,2.20,1.71,2.18,1.71,2.20,1.70
24,24:10:2:23:06,2.20,1.69,2.26,1.65,2.20,1.71,2.18,1.71,2.20,1.70
