,Date,Fanduel Odds[ny],Fanduel Odds[bos],Cesears Odds[ny],Cesears Odds[bos],Bet365 Odds[ny],Bet365 Odds[bos],DraftKings Odds[ny],DraftKings Odds[bos],BetMGM Odds[ny],BetMGM Odds[bos]
0,24:9:1:04:55,N/A,N/A,N/A,N/A,N/A,N/A,N/A,N/A,2.70,1.49
1,24:9:3:22:42,N/A,N/A,2.80,1.47,N/A,N/A,N/A,N/A,2.70,1.49
2,24:10:1:13:52,N/A,N/A,2.80,1.47,2.70,1.49,N/A,N/A,2.70,1.49
3,24:10:2:12:02,N/A,N/A,2.80,1.47,2.70,1.49,2.58,1.53,2.70,1.49
4,24:8:15:16:23,N/A,N/A,2.80,1.47,2.70,1.49,2.58,1.53,2.54,1.54
5,24:8:15:16:28,2.55,1.53,2.80,1.47,2.70,1.49,2.58,1.53,2.54,1.54
6,24:8:15:17:33,2.55,1.53,2.80,1.47,2.60,1.53,2.58,1.53,2.54,1.54
7,24:8:15:18:43,2.55,1.53,2.80,1.47,2.60,1.53,2.58,1.53,2.64,1.51
8,24:8:15:18:48,2.55,1.53,2.80,1.47,2.70,1.49,2.58,1.53,2.64,1.51
9,24:8:20:10:11,2.55,1.53,2.80,1.47,2.70,1.49,2.70,1.49,2.64,1.51
10,24:8:20:10:36,2.55,1.53,2.76,1.48,2.70,1.49,2.70,1.49,2.64,1.51
11,24:8:27:03:45,2.55,1.53,2.76,1.48,2.75,1.48,2.70,1.49,2.64,1.51
12,24:9:17:06:54,2.55,1.53,2.76,1.48,2.80,1.45,2.70,1.49,2.64,1.51
13,24:9:23:15:07,2.70,1.48,2.76,1.48,2.80,1.45,2.70,1.49,2.64,1.51
14,24:9:25:09:47,2.70,1.48,2.76,1.48,2.80,1.45,2.70,1.49,2.64,1.51
15,24:9:27:22:52,2.70,1.48,2.76,1.48,2.80,1.45,2.62,1.51,2.64,1.51
16,24:9:27:22:57,2.70,1.48,2.54,1.54,2.80,1.45,2.62,1.51,2.64,1.51
17,24:9:27:23:07,2.70,1.48,2.54,1.54,2.80,1.45,2.62,1.51,2.54,1.54
18,24:9:27:23:32,2.70,1.48,2.62,1.52,2.80,1.45,2.62,1.51,2.54,1.54
19,24:9:28:01:17,2.50,1.54,2.62,1.52,2.80,1.45,2.62,1.51,2.54,1.54
20,24:9:28:12:45,2.55,1.53,2.62,1.52,2.80,1.45,2.62,1.51,2.54,1.54
