,Date,Fanduel Odds[ny],Fanduel Odds[dal],Cesears Odds[ny],Cesears Odds[dal],Bet365 Odds[ny],Bet365 Odds[dal],DraftKings Odds[ny],DraftKings Odds[dal],BetMGM Odds[ny],BetMGM Odds[dal]
0,24:9:8:20:26,N/A,N/A,N/A,N/A,N/A,N/A,N/A,N/A,1.18,5.10
1,24:9:8:20:29,N/A,N/A,N/A,N/A,N/A,N/A,N/A,N/A,1.20,4.80
2,24:9:8:21:04,N/A,N/A,1.21,4.50,N/A,N/A,N/A,N/A,1.20,4.80
3,24:9:8:21:29,N/A,N/A,1.21,4.50,N/A,N/A,1.21,4.60,1.20,4.80
4,24:9:8:21:39,N/A,N/A,1.21,4.50,1.19,4.90,1.21,4.60,1.20,4.80
5,24:9:8:22:36,N/A,N/A,1.20,4.60,1.19,4.90,1.21,4.60,1.20,4.80
6,24:9:8:23:09,1.18,5.00,1.20,4.60,1.19,4.90,1.21,4.60,1.20,4.80
7,24:9:8:23:39,1.18,5.00,1.21,4.40,1.19,4.90,1.21,4.60,1.20,4.80
8,24:9:9:00:09,1.18,5.00,1.18,4.90,1.19,4.90,1.21,4.60,1.21,4.60
9,24:9:9:00:14,1.18,5.00,1.18,4.90,1.19,4.90,1.21,4.60,1.21,4.70
10,24:9:9:00:19,1.18,5.00,1.18,4.90,1.20,4.75,1.21,4.60,1.21,4.70
11,24:9:9:01:54,1.18,5.00,1.20,4.60,1.20,4.75,1.21,4.60,1.21,4.70
12,24:9:9:07:34,1.18,5.00,1.21,4.40,1.20,4.75,1.21,4.60,1.21,4.70
13,24:9:9:08:09,1.18,5.00,1.20,4.60,1.20,4.75,1.21,4.60,1.21,4.70
14,24:9:9:09:35,1.18,5.00,1.19,4.70,1.20,4.75,1.21,4.60,1.21,4.70
15,24:9:9:09:51,1.18,5.00,1.20,4.60,1.20,4.75,1.21,4.60,1.21,4.70
16,24:9:9:10:07,1.18,5.00,1.19,4.70,1.20,4.75,1.21,4.60,1.21,4.70
17,24:9:9:13:17,1.20,4.60,1.19,4.70,1.20,4.75,1.21,4.60,1.21,4.70
18,24:9:9:15:07,1.20,4.60,1.20,4.60,1.20,4.75,1.21,4.60,1.21,4.70
19,24:9:9:15:12,1.22,4.40,1.20,4.60,1.20,4.75,1.21,4.60,1.21,4.70
20,24:9:9:15:32,1.22,4.40,1.20,4.60,1.22,4.50,1.21,4.60,1.21,4.70
21,24:9:9:15:52,1.22,4.40,1.19,4.70,1.22,4.50,1.21,4.60,1.21,4.70
22,24:9:9:16:22,1.22,4.40,1.20,4.60,1.22,4.50,1.21,4.60,1.21,4.70
23,24:9:9:17:44,1.22,4.40,1.20,4.60,1.22,4.50,1.21,4.60,1.22,4.50
24,24:9:9:17:47,1.22,4.40,1.20,4.60,1.22,4.50,1.21,4.60,1.21,4.60
25,24:9:9:18:04,1.22,4.40,1.20,4.60,1.22,4.50,1.22,4.45,1.21,4.60
26,24:9:9:18:17,1.22,4.40,1.20,4.60,1.22,4.50,1.22,4.45,1.22,4.50
27,24:9:9:18:27,1.22,4.40,1.19,4.70,1.22,4.50,1.22,4.45,1.22,4.50
28,24:9:9:18:52,1.22,4.40,1.21,4.50,1.22,4.50,1.22,4.45,1.22,4.50
29,24:9:9:19:05,1.22,4.40,1.21,4.50,1.22,4.50,1.22,4.45,1.21,4.60
30,24:9:9:19:12,1.22,4.40,1.21,4.50,1.22,4.50,1.21,4.60,1.21,4.60
31,24:9:9:19:27,1.22,4.40,1.20,4.60,1.22,4.50,1.21,4.60,1.21,4.60
32,24:9:9:20:30,1.22,4.40,1.17,5.10,1.22,4.50,1.21,4.60,1.21,4.60
33,24:9:9:21:46,1.22,4.40,1.18,4.90,1.22,4.50,1.21,4.60,1.21,4.60
34,24:9:9:22:47,1.22,4.40,1.18,4.90,1.22,4.50,1.18,5.00,1.21,4.60
35,24:9:9:23:02,1.22,4.40,1.19,4.70,1.22,4.50,1.18,5.00,1.21,4.60
36,24:9:9:23:47,1.22,4.40,1.19,4.70,1.22,4.50,1.18,5.00,1.21,4.70
37,24:9:10:00:06,1.22,4.40,1.20,4.60,1.22,4.50,1.18,5.00,1.21,4.70
38,24:9:10:01:05,1.22,4.40,1.20,4.60,1.22,4.50,1.21,4.60,1.21,4.70
39,24:9:10:01:42,1.22,4.40,1.20,4.60,1.22,4.50,1.21,4.60,1.21,4.60
40,24:9:10:02:27,1.22,4.40,1.19,4.70,1.22,4.50,1.21,4.60,1.21,4.60
41,24:9:10:05:47,1.22,4.40,1.19,4.70,1.20,4.75,1.21,4.60,1.21,4.60
42,24:9:10:07:07,1.22,4.40,1.20,4.60,1.20,4.75,1.21,4.60,1.21,4.60
43,24:9:10:08:33,1.20,4.60,1.20,4.60,1.20,4.75,1.21,4.60,1.21,4.60
44,24:9:10:09:12,1.20,4.60,1.19,4.70,1.20,4.75,1.21,4.60,1.21,4.60
45,24:9:10:09:17,1.20,4.60,1.20,4.60,1.20,4.75,1.21,4.60,1.19,4.90
46,24:9:10:09:27,1.20,4.60,1.19,4.70,1.20,4.75,1.21,4.60,1.19,4.90
47,24:9:10:09:52,1.20,4.75,1.19,4.70,1.20,4.75,1.21,4.60,1.19,4.90
48,24:9:10:10:27,1.18,5.00,1.17,5.10,1.20,4.75,1.21,4.60,1.19,4.90
49,24:9:10:12:22,1.18,5.00,1.17,5.10,1.19,4.90,1.21,4.60,1.19,4.90
50,24:9:10:12:37,1.18,5.00,1.18,4.90,1.19,4.90,1.21,4.60,1.19,4.90
51,24:9:10:13:05,1.18,5.00,1.17,5.20,1.19,4.90,1.21,4.60,1.19,4.90
52,24:9:10:13:07,1.18,5.00,1.17,5.20,1.19,4.90,1.18,5.00,1.19,4.90
53,24:9:10:14:27,1.18,5.00,1.15,5.40,1.19,4.90,1.18,5.00,1.19,4.90
54,24:9:10:15:22,1.18,5.00,1.14,5.70,1.19,4.90,1.18,5.00,1.19,4.90
55,24:9:10:15:47,1.17,5.25,1.16,5.30,1.19,4.90,1.17,5.30,1.19,4.90
56,24:9:10:16:27,1.17,5.25,1.16,5.30,1.19,4.90,1.18,5.00,1.19,4.90
57,24:9:10:16:41,1.15,5.75,1.15,5.40,1.19,4.90,1.18,5.00,1.19,4.90
