,Date,Fanduel Odds[nyg],Fanduel Odds[cle],Cesears Odds[nyg],Cesears Odds[cle],Bet365 Odds[nyg],Bet365 Odds[cle],DraftKings Odds[nyg],DraftKings Odds[cle],BetMGM Odds[nyg],BetMGM Odds[cle]
0,24:5:15:21:40,N/A,N/A,N/A,N/A,N/A,N/A,N/A,N/A,3.15,1.38
1,24:5:17:14:40,N/A,N/A,N/A,N/A,N/A,N/A,2.96,1.42,3.15,1.38
2,24:7:18:15:57,N/A,N/A,N/A,N/A,N/A,N/A,2.96,1.42,3.25,1.36
3,24:8:28:09:08,N/A,N/A,N/A,N/A,N/A,N/A,2.96,1.42,3.30,1.35
4,24:8:29:17:03,N/A,N/A,N/A,N/A,N/A,N/A,2.96,1.42,3.25,1.36
5,24:9:10:17:10,N/A,N/A,3.20,1.37,N/A,N/A,2.96,1.42,3.25,1.36
6,24:9:11:02:47,N/A,N/A,3.20,1.37,3.20,1.37,2.96,1.42,3.25,1.36
7,24:9:11:07:12,N/A,N/A,3.20,1.37,3.20,1.37,3.22,1.36,3.25,1.36
8,24:9:11:10:12,N/A,N/A,3.35,1.34,3.20,1.37,3.22,1.36,3.25,1.36
9,24:9:11:11:24,N/A,N/A,3.35,1.34,3.20,1.37,3.22,1.36,3.30,1.35
10,24:9:12:18:09,N/A,N/A,3.35,1.34,3.25,1.36,3.22,1.36,3.30,1.35
11,24:9:13:13:39,N/A,N/A,3.35,1.34,3.25,1.36,3.22,1.36,3.20,1.37
12,24:9:14:13:34,N/A,N/A,3.35,1.34,3.25,1.36,3.22,1.36,3.25,1.36
13,24:9:14:13:54,N/A,N/A,3.20,1.37,3.25,1.36,3.22,1.36,3.25,1.36
14,24:9:15:18:19,N/A,N/A,3.20,1.37,3.25,1.36,3.22,1.36,3.70,1.29
15,24:9:15:18:39,3.40,1.33,3.20,1.37,3.25,1.36,3.22,1.36,3.70,1.29
16,24:9:15:18:59,3.40,1.33,3.60,1.31,3.25,1.36,3.22,1.36,3.70,1.29
17,24:9:15:19:14,3.75,1.29,3.60,1.31,3.25,1.36,3.22,1.36,3.70,1.29
18,24:9:15:19:19,3.75,1.29,3.60,1.31,3.65,1.30,3.22,1.36,3.70,1.29
19,24:9:15:19:44,3.75,1.29,3.60,1.31,3.65,1.30,3.70,1.29,3.70,1.29
20,24:9:15:20:14,3.75,1.29,3.60,1.31,3.40,1.33,3.70,1.29,3.70,1.29
21,24:9:15:20:20,3.75,1.29,3.60,1.31,3.40,1.33,3.50,1.31,3.70,1.29
22,24:9:15:20:54,3.75,1.29,3.60,1.31,3.40,1.33,3.40,1.33,3.70,1.29
23,24:9:15:21:44,3.40,1.33,3.60,1.31,3.40,1.33,3.40,1.33,3.70,1.29
24,24:9:16:00:34,3.40,1.33,3.60,1.31,3.40,1.33,3.40,1.33,3.50,1.32
25,24:9:16:11:55,3.40,1.33,3.45,1.33,3.40,1.33,3.40,1.33,3.50,1.32
26,24:9:16:14:45,3.40,1.33,3.45,1.33,3.40,1.33,3.40,1.33,3.40,1.34
27,24:9:16:17:05,3.40,1.33,3.45,1.33,3.40,1.33,3.40,1.33,3.30,1.35
28,24:9:16:17:15,3.40,1.33,3.45,1.33,3.40,1.33,3.40,1.33,3.25,1.36
29,24:9:16:17:25,3.25,1.36,3.45,1.33,3.40,1.33,3.40,1.33,3.25,1.36
30,24:9:16:17:30,3.25,1.36,3.45,1.33,3.35,1.34,3.40,1.33,3.15,1.38
31,24:9:16:17:35,3.25,1.36,3.45,1.33,3.35,1.34,3.28,1.35,3.15,1.38
32,24:9:17:01:05,3.25,1.36,3.45,1.33,3.35,1.34,3.28,1.35,3.10,1.39
33,24:9:17:01:20,3.25,1.36,3.45,1.33,3.35,1.34,3.28,1.35,3.15,1.38
34,24:9:17:01:25,3.25,1.36,3.45,1.33,3.35,1.34,3.28,1.35,3.20,1.37
35,24:9:17:02:25,3.25,1.36,3.45,1.33,3.25,1.36,3.28,1.35,3.20,1.37
36,24:9:17:08:15,3.25,1.36,3.45,1.33,3.25,1.36,3.22,1.36,3.20,1.37
37,24:9:17:10:15,3.25,1.36,3.40,1.34,3.25,1.36,3.22,1.36,3.20,1.37
38,24:9:17:12:20,3.25,1.36,3.30,1.36,3.25,1.36,3.22,1.36,3.20,1.37
39,24:9:17:12:45,3.25,1.36,3.30,1.36,3.25,1.36,3.22,1.36,3.30,1.35
40,24:9:17:13:20,3.25,1.36,3.30,1.36,3.25,1.36,3.28,1.35,3.30,1.35
41,24:9:17:17:10,3.25,1.36,3.50,1.32,3.25,1.36,3.28,1.35,3.30,1.35
42,24:9:17:20:45,3.25,1.36,3.45,1.33,3.25,1.36,3.28,1.35,3.30,1.35
43,24:9:18:07:47,3.25,1.36,3.45,1.33,3.25,1.36,3.28,1.35,3.25,1.36
44,24:9:18:12:57,3.25,1.36,3.45,1.33,3.25,1.36,3.28,1.35,3.30,1.35
45,24:9:18:13:02,3.25,1.36,3.45,1.33,3.25,1.36,3.28,1.35,3.25,1.36
46,24:9:18:13:47,3.25,1.36,3.80,1.29,3.35,1.34,3.28,1.35,3.35,1.34
47,24:9:18:13:52,3.40,1.33,3.80,1.29,3.35,1.34,3.28,1.35,3.40,1.34
48,24:9:18:14:02,3.40,1.33,3.80,1.29,3.35,1.34,3.28,1.35,3.45,1.33
49,24:9:18:14:12,3.40,1.33,3.80,1.29,3.35,1.34,3.40,1.33,3.45,1.33
50,24:9:18:15:42,3.40,1.33,3.80,1.29,3.35,1.34,3.40,1.33,3.40,1.34
51,24:9:18:15:52,3.40,1.33,3.80,1.29,3.35,1.34,3.40,1.33,3.35,1.34
52,24:9:18:16:27,3.40,1.33,3.80,1.29,3.35,1.34,3.40,1.33,3.45,1.33
53,24:9:18:16:57,3.40,1.33,3.80,1.29,3.35,1.34,3.40,1.33,3.40,1.34
54,24:9:18:21:02,3.40,1.33,3.65,1.30,3.35,1.34,3.40,1.33,3.40,1.34
