,Date,Fanduel Odds[nyj],Fanduel Odds[min],Cesears Odds[nyj],Cesears Odds[min],Bet365 Odds[nyj],Bet365 Odds[min],DraftKings Odds[nyj],DraftKings Odds[min],BetMGM Odds[nyj],BetMGM Odds[min]
0,24:10:1:07:36,N/A,N/A,2.26,1.68,N/A,N/A,N/A,N/A,N/A,N/A
1,24:10:1:09:16,2.25,1.67,2.26,1.68,N/A,N/A,N/A,N/A,N/A,N/A
2,24:10:1:14:36,2.25,1.67,2.30,1.65,N/A,N/A,N/A,N/A,N/A,N/A
3,24:10:1:15:56,2.25,1.67,2.30,1.65,2.25,1.67,2.26,1.67,2.36,1.62
4,24:10:1:16:01,2.25,1.67,2.30,1.65,2.25,1.67,2.26,1.67,2.30,1.65
5,24:10:1:16:06,2.25,1.67,2.30,1.65,2.25,1.67,2.30,1.65,2.30,1.65
6,24:10:1:18:06,2.25,1.67,2.32,1.64,2.25,1.67,2.30,1.65,2.30,1.65
7,24:10:2:11:56,2.25,1.67,2.34,1.63,2.25,1.67,2.30,1.65,2.30,1.65
8,24:10:2:13:41,2.25,1.67,2.34,1.63,2.25,1.67,2.30,1.65,2.24,1.68
9,24:10:2:14:01,2.25,1.67,2.30,1.65,2.25,1.67,2.30,1.65,2.24,1.68
10,24:10:2:18:01,2.25,1.67,2.30,1.65,2.25,1.67,2.22,1.69,2.24,1.68
11,24:10:2:18:06,2.25,1.67,2.28,1.66,2.25,1.67,2.22,1.69,2.24,1.68
12,24:10:2:18:11,2.25,1.67,2.30,1.65,2.25,1.67,2.22,1.69,2.24,1.68
13,24:10:2:18:41,2.25,1.67,2.30,1.65,2.25,1.67,2.22,1.69,2.20,1.70
14,24:10:2:18:46,2.20,1.69,2.30,1.65,2.25,1.67,2.22,1.69,2.20,1.70
15,24:10:2:18:51,2.20,1.69,2.30,1.65,2.20,1.71,2.22,1.69,2.20,1.70
16,24:10:2:18:56,2.20,1.69,2.30,1.65,2.20,1.71,2.18,1.71,2.20,1.70
17,24:10:2:23:37,2.20,1.69,2.20,1.70,2.20,1.71,2.18,1.71,2.20,1.70
18,24:5:15:20:25,2.20,1.69,1.54,2.56,1.56,2.50,1.48,2.75,1.54,2.54
19,24:7:18:16:07,2.20,1.69,1.54,2.56,1.56,2.50,1.48,2.75,1.52,2.60
20,24:9:24:15:31,2.20,1.69,1.54,2.56,1.56,2.50,1.48,2.75,1.80,2.05
21,24:9:24:15:36,2.20,1.69,2.00,1.85,1.56,2.50,1.48,2.75,1.80,2.05
22,24:9:24:15:46,2.20,1.69,1.96,1.89,1.56,2.50,1.48,2.75,1.80,2.05
23,24:9:24:15:56,2.20,1.69,1.96,1.89,1.80,2.05,1.48,2.75,1.80,2.05
24,24:9:24:17:01,2.20,1.69,1.96,1.89,1.80,2.05,1.48,2.75,1.82,2.02
25,24:9:24:17:46,2.20,1.69,1.96,1.89,1.87,1.95,1.48,2.75,1.82,2.02
26,24:9:27:14:11,2.20,1.69,1.86,1.98,1.87,1.95,1.48,2.75,1.82,2.02
27,24:9:29:06:11,2.20,1.69,1.86,1.98,1.80,2.05,1.48,2.75,1.82,2.02
28,24:9:29:17:36,2.20,1.69,1.86,1.98,1.80,2.05,1.48,2.75,2.20,1.70
29,24:9:29:18:51,2.20,1.69,1.86,1.98,2.20,1.71,1.48,2.75,2.20,1.70
30,24:9:29:18:56,2.20,1.69,1.86,1.98,2.15,1.74,1.48,2.75,2.20,1.70
31,24:9:29:19:01,2.20,1.69,1.86,1.98,2.15,1.74,1.48,2.75,2.20,1.70
32,24:9:29:19:16,2.20,1.69,1.86,1.98,2.20,1.71,1.48,2.75,2.20,1.70
33,24:9:29:19:21,2.20,1.69,2.24,1.68,2.20,1.71,1.48,2.75,2.20,1.70
34,24:9:29:19:41,2.20,1.69,2.24,1.68,2.20,1.71,2.18,1.71,2.20,1.70
35,24:9:29:22:06,2.20,1.69,2.24,1.68,2.25,1.67,2.18,1.71,2.20,1.70
36,24:9:29:22:11,2.20,1.69,2.24,1.68,2.25,1.67,2.22,1.69,2.20,1.70
37,24:9:29:23:46,2.20,1.69,2.24,1.68,2.25,1.67,2.22,1.69,2.30,1.65
38,24:9:29:23:51,2.20,1.69,2.24,1.68,2.25,1.67,2.30,1.65,2.30,1.65
39,24:9:30:01:16,2.20,1.69,2.24,1.68,2.25,1.67,2.22,1.69,2.30,1.65
40,24:9:30:08:18,2.20,1.69,2.24,1.68,2.25,1.67,2.30,1.65,2.30,1.65
41,24:9:30:08:36,2.20,1.69,2.24,1.68,2.25,1.67,2.22,1.69,2.30,1.65
42,24:9:30:09:01,2.25,1.67,2.24,1.68,2.30,1.65,2.30,1.65,2.30,1.65
43,24:9:30:09:06,2.25,1.67,2.24,1.68,2.30,1.65,2.30,1.65,2.24,1.68
44,24:9:30:09:16,2.25,1.67,2.24,1.68,2.30,1.65,2.22,1.69,2.24,1.68
45,24:9:30:09:41,2.25,1.67,2.24,1.68,2.25,1.67,2.22,1.69,2.30,1.65
46,24:9:30:11:16,2.25,1.67,2.24,1.68,2.25,1.67,2.22,1.69,2.24,1.68
47,24:9:30:11:41,2.20,1.69,2.24,1.68,2.25,1.67,2.22,1.69,2.24,1.68
48,24:9:30:11:51,2.20,1.69,2.28,1.66,2.25,1.67,2.22,1.69,2.24,1.68
49,24:9:30:14:16,2.20,1.69,2.28,1.66,2.20,1.71,2.18,1.71,2.24,1.68
50,24:9:30:15:41,2.10,1.74,2.28,1.66,2.20,1.71,2.18,1.71,2.24,1.68
