,Date,Fanduel Odds[ott],Fanduel Odds[ssk],Cesears Odds[ott],Cesears Odds[ssk],Bet365 Odds[ott],Bet365 Odds[ssk],DraftKings Odds[ott],DraftKings Odds[ssk],BetMGM Odds[ott],BetMGM Odds[ssk]
0,24:9:16:16:06,N/A,N/A,2.12,1.75,N/A,N/A,N/A,N/A,N/A,N/A
1,24:9:17:18:11,N/A,N/A,2.12,1.75,N/A,N/A,N/A,N/A,2.24,1.68
2,24:9:22:10:54,N/A,N/A,2.18,1.70,N/A,N/A,N/A,N/A,2.24,1.68
3,24:9:23:03:44,N/A,N/A,2.18,1.70,2.20,1.71,N/A,N/A,2.24,1.68
4,24:9:23:11:24,N/A,N/A,2.18,1.70,2.30,1.65,N/A,N/A,2.24,1.68
5,24:9:23:13:29,N/A,N/A,2.16,1.71,2.30,1.65,N/A,N/A,2.24,1.68
6,24:9:23:16:09,N/A,N/A,2.16,1.71,2.30,1.65,2.22,1.69,2.24,1.68
7,24:9:24:08:34,N/A,N/A,2.16,1.71,2.30,1.65,2.18,1.71,2.24,1.68
8,24:9:24:08:39,N/A,N/A,2.16,1.71,2.25,1.67,2.18,1.71,2.24,1.68
9,24:9:24:08:54,N/A,N/A,2.16,1.71,2.25,1.67,2.22,1.69,2.24,1.68
10,24:9:24:09:54,N/A,N/A,2.32,1.63,2.25,1.67,2.22,1.69,2.24,1.68
11,24:9:24:09:59,N/A,N/A,2.42,1.58,2.25,1.67,2.22,1.69,2.24,1.68
12,24:9:24:10:04,N/A,N/A,2.42,1.58,2.40,1.61,2.22,1.69,2.24,1.68
13,24:9:24:10:09,N/A,N/A,2.40,1.59,2.40,1.61,2.22,1.69,2.42,1.59
14,24:9:24:10:19,N/A,N/A,2.40,1.59,2.40,1.61,2.40,1.61,2.42,1.59
15,24:9:24:10:54,N/A,N/A,2.40,1.59,2.50,1.56,2.40,1.61,2.42,1.59
16,24:9:24:10:59,N/A,N/A,2.40,1.59,2.55,1.54,2.58,1.53,2.42,1.59
17,24:9:24:11:39,N/A,N/A,2.52,1.54,2.55,1.54,2.58,1.53,2.42,1.59
18,24:9:24:15:44,2.45,1.57,2.52,1.54,2.55,1.54,2.52,1.56,2.42,1.59
19,24:9:24:16:49,2.45,1.57,2.52,1.54,2.65,1.50,2.52,1.56,2.42,1.59
20,24:9:24:17:19,2.45,1.57,2.52,1.54,2.60,1.53,2.52,1.56,2.42,1.59
21,24:9:24:18:09,2.55,1.53,2.52,1.54,2.65,1.50,2.52,1.56,2.42,1.59
22,24:9:24:18:14,2.55,1.53,2.52,1.54,2.65,1.50,2.58,1.53,2.42,1.59
23,24:9:25:09:44,2.55,1.53,2.52,1.54,2.70,1.49,2.58,1.53,2.42,1.59
24,24:9:25:11:44,2.55,1.53,2.52,1.54,2.70,1.49,2.62,1.51,2.60,1.52
25,24:9:25:13:04,2.55,1.53,2.52,1.54,2.70,1.49,2.70,1.49,2.60,1.52
26,24:9:25:14:20,2.55,1.53,2.55,1.53,2.70,1.49,2.70,1.49,2.60,1.52
27,24:9:25:14:24,2.55,1.53,2.55,1.53,2.70,1.49,2.62,1.51,2.60,1.52
28,24:9:25:16:29,2.55,1.53,2.55,1.53,2.85,1.44,2.62,1.51,2.60,1.52
29,24:9:25:16:34,2.55,1.53,2.72,1.48,2.95,1.42,2.70,1.49,2.60,1.52
30,24:9:25:16:39,2.55,1.53,2.72,1.48,2.95,1.42,2.75,1.48,2.60,1.52
31,24:9:25:17:44,2.55,1.53,2.72,1.48,2.85,1.44,2.75,1.48,2.60,1.52
32,24:9:25:22:59,2.70,1.48,2.72,1.48,2.85,1.44,2.75,1.48,2.60,1.52
33,24:9:25:23:04,2.80,1.44,2.72,1.48,2.85,1.44,2.75,1.48,2.60,1.52
