,Date,Fanduel Odds[pho],Fanduel Odds[sea],Cesears Odds[pho],Cesears Odds[sea],Bet365 Odds[pho],Bet365 Odds[sea],DraftKings Odds[pho],DraftKings Odds[sea],BetMGM Odds[pho],BetMGM Odds[sea]
0,24:9:5:21:31,N/A,N/A,N/A,N/A,N/A,N/A,N/A,N/A,2.95,1.42
1,24:9:6:11:59,N/A,N/A,N/A,N/A,N/A,N/A,N/A,N/A,2.64,1.51
2,24:9:6:12:29,N/A,N/A,2.52,1.53,N/A,N/A,N/A,N/A,2.64,1.51
3,24:9:6:12:54,N/A,N/A,2.52,1.53,N/A,N/A,N/A,N/A,2.70,1.49
4,24:9:6:13:07,N/A,N/A,2.54,1.52,N/A,N/A,N/A,N/A,2.70,1.49
5,24:9:6:13:09,N/A,N/A,2.52,1.53,N/A,N/A,N/A,N/A,2.70,1.49
6,24:9:6:14:39,N/A,N/A,2.52,1.53,2.70,1.49,N/A,N/A,2.70,1.49
7,24:9:6:14:54,N/A,N/A,2.52,1.53,2.70,1.49,2.70,1.49,2.70,1.49
8,24:9:6:19:09,N/A,N/A,2.58,1.51,2.70,1.49,2.70,1.49,2.70,1.49
9,24:9:6:20:24,N/A,N/A,2.76,1.45,2.70,1.49,2.70,1.49,2.70,1.49
10,24:9:6:20:49,2.70,1.48,2.84,1.43,2.70,1.49,2.70,1.49,2.70,1.49
11,24:9:6:22:09,2.70,1.48,2.84,1.43,2.75,1.48,2.70,1.49,2.70,1.49
12,24:9:6:22:14,2.70,1.48,2.98,1.40,2.75,1.48,2.75,1.48,2.70,1.49
13,24:9:6:22:44,2.70,1.48,3.05,1.38,2.75,1.48,2.75,1.48,2.70,1.49
14,24:9:6:22:49,2.70,1.48,2.94,1.41,2.75,1.48,2.75,1.48,2.70,1.49
15,24:9:7:02:06,2.95,1.40,2.94,1.41,2.75,1.48,2.75,1.48,2.70,1.49
16,24:9:7:02:14,2.95,1.40,2.94,1.41,2.85,1.44,2.75,1.48,2.70,1.49
17,24:9:7:02:29,2.95,1.40,2.94,1.41,2.85,1.44,2.85,1.44,2.70,1.49
18,24:9:7:03:14,2.95,1.40,2.94,1.41,2.85,1.44,2.85,1.44,2.80,1.46
19,24:9:7:03:49,2.95,1.40,3.05,1.38,2.85,1.44,2.85,1.44,2.80,1.46
20,24:9:7:04:04,2.95,1.40,3.05,1.38,2.85,1.44,2.85,1.44,2.90,1.43
21,24:9:7:05:54,2.95,1.40,3.05,1.38,2.95,1.42,3.05,1.40,2.90,1.43
22,24:9:7:05:59,2.95,1.40,3.10,1.38,2.95,1.42,3.05,1.40,2.90,1.43
23,24:9:7:06:04,2.95,1.40,3.10,1.38,2.95,1.42,3.05,1.40,2.95,1.42
24,24:9:7:06:49,2.95,1.40,3.10,1.38,2.95,1.42,3.05,1.40,3.00,1.41
25,24:9:7:07:19,2.95,1.40,3.10,1.38,3.05,1.40,3.05,1.40,3.00,1.41
26,24:9:7:07:44,2.95,1.40,3.10,1.38,3.05,1.40,3.10,1.38,3.15,1.38
27,24:9:7:07:49,3.30,1.36,3.10,1.38,3.05,1.40,3.10,1.38,3.15,1.38
28,24:9:7:07:59,3.30,1.36,3.10,1.38,3.05,1.40,3.10,1.38,3.25,1.36
29,24:9:7:08:14,3.30,1.36,3.10,1.38,3.05,1.40,3.22,1.36,3.25,1.36
30,24:9:7:08:54,3.30,1.36,3.10,1.38,3.40,1.33,3.40,1.33,3.25,1.36
31,24:9:7:08:59,3.30,1.36,3.10,1.38,3.45,1.33,3.40,1.33,3.25,1.36
32,24:9:7:09:04,3.30,1.36,3.10,1.38,3.45,1.33,3.40,1.33,3.35,1.34
33,24:9:7:09:14,3.30,1.36,3.25,1.34,3.45,1.33,3.50,1.31,3.40,1.34
34,24:9:7:09:19,3.30,1.36,3.25,1.34,3.45,1.33,3.50,1.31,3.30,1.35
35,24:9:7:09:24,3.30,1.36,3.20,1.36,3.45,1.33,3.50,1.31,3.30,1.35
36,24:9:7:09:29,3.30,1.36,3.25,1.34,3.45,1.33,3.50,1.31,3.30,1.35
37,24:9:7:09:34,3.30,1.36,3.25,1.34,3.35,1.34,3.50,1.31,3.30,1.35
38,24:9:7:09:49,3.30,1.36,3.10,1.38,3.35,1.34,3.50,1.31,3.30,1.35
39,24:9:7:10:04,3.30,1.36,3.25,1.34,3.35,1.34,3.50,1.31,3.30,1.35
40,24:9:7:10:14,3.30,1.36,3.35,1.33,3.35,1.34,3.50,1.31,3.35,1.34
41,24:9:7:10:19,3.30,1.36,3.35,1.33,3.35,1.34,3.40,1.33,3.35,1.34
42,24:9:7:11:29,3.30,1.33,3.25,1.34,3.35,1.34,3.40,1.33,3.35,1.34
43,24:9:7:12:14,3.30,1.33,3.35,1.33,3.35,1.34,3.40,1.33,3.35,1.34
