,Date,Fanduel Odds[pit],Fanduel Odds[ind],Cesears Odds[pit],Cesears Odds[ind],Bet365 Odds[pit],Bet365 Odds[ind],DraftKings Odds[pit],DraftKings Odds[ind],BetMGM Odds[pit],BetMGM Odds[ind]
0,24:5:15:21:00,N/A,N/A,N/A,N/A,N/A,N/A,N/A,N/A,1.91,1.91
1,24:6:13:20:20,N/A,N/A,N/A,N/A,N/A,N/A,N/A,N/A,2.02,1.82
2,24:8:24:01:04,N/A,N/A,N/A,N/A,N/A,N/A,N/A,N/A,2.00,1.83
3,24:8:27:12:13,N/A,N/A,N/A,N/A,N/A,N/A,N/A,N/A,2.02,1.82
4,24:9:17:14:20,N/A,N/A,2.16,1.74,N/A,N/A,N/A,N/A,2.02,1.82
5,24:9:17:14:50,N/A,N/A,2.08,1.79,N/A,N/A,N/A,N/A,2.02,1.82
6,24:9:17:17:35,N/A,N/A,2.08,1.79,2.05,1.80,N/A,N/A,2.02,1.82
7,24:9:17:19:05,N/A,N/A,2.08,1.79,2.05,1.80,N/A,N/A,1.98,1.85
8,24:9:17:19:25,N/A,N/A,2.08,1.79,2.00,1.83,N/A,N/A,1.98,1.85
9,24:9:18:12:42,N/A,N/A,2.08,1.79,2.00,1.83,2.00,1.83,1.98,1.85
10,24:9:20:11:22,N/A,N/A,2.02,1.83,2.00,1.83,2.00,1.83,1.98,1.85
11,24:9:22:05:47,N/A,N/A,2.02,1.83,1.95,1.87,1.95,1.87,1.98,1.85
12,24:9:22:19:22,N/A,N/A,2.02,1.83,1.95,1.87,1.95,1.87,1.89,1.93
13,24:9:22:19:27,1.87,1.95,2.02,1.83,1.95,1.87,1.95,1.87,1.89,1.93
14,24:9:22:19:32,1.87,1.95,2.02,1.83,1.91,1.91,1.95,1.87,1.89,1.93
15,24:9:22:19:37,1.83,2.00,2.02,1.83,1.87,1.95,1.95,1.87,1.89,1.93
16,24:9:22:19:42,1.83,2.00,1.89,1.96,1.87,1.95,1.95,1.87,1.89,1.93
17,24:9:22:20:07,1.83,2.00,1.89,1.96,1.83,2.00,1.95,1.87,1.89,1.93
18,24:9:22:20:12,1.83,2.00,1.85,2.00,1.83,2.00,1.87,1.95,1.89,1.93
19,24:9:22:20:42,1.80,2.05,1.85,2.00,1.83,2.00,1.87,1.95,1.89,1.93
20,24:9:22:20:52,1.80,2.05,1.85,2.00,1.77,2.10,1.87,1.95,1.89,1.93
21,24:9:22:20:57,1.80,2.05,1.85,2.00,1.77,2.10,1.87,1.95,1.85,1.98
22,24:9:22:21:07,1.80,2.05,1.85,2.00,1.77,2.10,1.80,2.05,1.85,1.98
23,24:9:22:21:57,1.80,2.05,1.86,1.98,1.77,2.10,1.80,2.05,1.85,1.98
24,24:9:22:22:02,1.80,2.05,1.86,1.98,1.77,2.10,1.80,2.05,1.82,2.02
25,24:9:23:08:46,1.80,2.05,1.86,1.98,1.77,2.10,1.77,2.10,1.82,2.02
26,24:9:23:09:21,1.80,2.05,1.85,2.00,1.77,2.10,1.77,2.10,1.82,2.02
27,24:9:23:09:46,1.80,2.05,1.85,2.00,1.80,2.05,1.80,2.05,1.82,2.02
28,24:9:23:11:11,1.80,2.05,1.79,2.08,1.80,2.05,1.80,2.05,1.80,2.05
29,24:9:23:11:26,1.80,2.05,1.81,2.06,1.80,2.05,1.80,2.05,1.80,2.05
30,24:9:23:12:21,1.80,2.05,1.81,2.06,1.80,2.05,1.80,2.05,1.82,2.02
31,24:9:23:12:31,1.80,2.05,1.82,2.04,1.80,2.05,1.80,2.05,1.80,2.05
32,24:9:23:19:11,1.74,2.10,1.82,2.04,1.77,2.10,1.80,2.05,1.80,2.05
33,24:9:23:20:31,1.74,2.10,1.82,2.04,1.80,2.05,1.80,2.05,1.80,2.05
34,24:9:24:07:36,1.74,2.10,1.85,2.00,1.80,2.05,1.80,2.05,1.80,2.05
35,24:9:24:08:01,1.74,2.10,1.79,2.08,1.80,2.05,1.80,2.05,1.80,2.05
36,24:9:24:10:11,1.74,2.10,1.79,2.08,1.77,2.10,1.80,2.05,1.80,2.05
37,24:9:24:10:31,1.74,2.10,1.79,2.08,1.77,2.10,1.80,2.05,1.77,2.10
38,24:9:24:10:36,1.74,2.10,1.75,2.14,1.77,2.10,1.80,2.05,1.77,2.10
39,24:9:24:10:51,1.74,2.10,1.75,2.14,1.77,2.10,1.77,2.10,1.77,2.10
40,24:9:24:13:31,1.74,2.10,1.75,2.14,1.77,2.10,1.77,2.10,1.80,2.05
41,24:9:25:08:31,1.74,2.10,1.77,2.10,1.77,2.10,1.77,2.10,1.80,2.05
42,24:9:25:08:51,1.74,2.10,1.77,2.10,1.80,2.05,1.77,2.10,1.80,2.05
43,24:9:25:08:56,1.74,2.10,1.77,2.10,1.80,2.05,1.77,2.10,1.82,2.02
44,24:9:25:09:01,1.74,2.10,1.77,2.10,1.80,2.05,1.80,2.05,1.82,2.02
45,24:9:25:09:31,1.80,2.05,1.77,2.10,1.80,2.05,1.80,2.05,1.82,2.02
46,24:9:25:13:01,1.80,2.05,1.76,2.12,1.80,2.05,1.80,2.05,1.82,2.02
47,24:9:25:13:21,1.80,2.05,1.77,2.10,1.80,2.05,1.80,2.05,1.82,2.02
48,24:9:25:14:41,1.80,2.05,1.77,2.10,1.80,2.05,1.80,2.05,1.80,2.05
49,24:9:25:15:41,1.80,2.05,1.86,1.98,1.80,2.05,1.80,2.05,1.80,2.05
50,24:9:25:15:46,1.80,2.05,1.82,2.04,1.80,2.05,1.80,2.05,1.80,2.05
51,24:9:25:18:26,1.80,2.05,1.83,2.02,1.80,2.05,1.80,2.05,1.80,2.05
52,24:9:25:20:26,1.80,2.05,1.81,2.06,1.80,2.05,1.80,2.05,1.80,2.05
