,Date,Fanduel Odds[sea],Fanduel Odds[hou],Cesears Odds[sea],Cesears Odds[hou],Bet365 Odds[sea],Bet365 Odds[hou],DraftKings Odds[sea],DraftKings Odds[hou],BetMGM Odds[sea],BetMGM Odds[hou]
0,24:9:22:14:23,N/A,N/A,2.36,1.62,N/A,N/A,N/A,N/A,N/A,N/A
1,24:9:22:17:03,N/A,N/A,2.36,1.62,2.30,1.65,N/A,N/A,N/A,N/A
2,24:9:22:17:43,N/A,N/A,2.36,1.62,2.30,1.65,2.30,1.65,N/A,N/A
3,24:9:22:18:53,2.35,1.63,2.36,1.62,2.30,1.65,2.30,1.65,N/A,N/A
4,24:9:22:19:18,2.35,1.63,2.36,1.62,2.30,1.65,2.22,1.69,N/A,N/A
5,24:9:22:19:38,2.35,1.63,2.36,1.62,2.30,1.65,2.30,1.65,N/A,N/A
6,24:9:22:19:48,2.35,1.63,2.36,1.62,2.30,1.65,2.30,1.65,2.30,1.65
7,24:9:22:20:28,2.25,1.67,2.36,1.62,2.30,1.65,2.30,1.65,2.30,1.65
8,24:9:22:21:13,2.25,1.67,2.36,1.62,2.30,1.65,2.30,1.65,2.24,1.68
9,24:9:22:23:33,2.25,1.67,2.36,1.62,2.30,1.65,2.30,1.65,2.30,1.65
10,24:9:23:07:43,2.25,1.67,2.36,1.62,2.30,1.65,2.35,1.62,2.30,1.65
11,24:9:23:07:58,2.35,1.63,2.36,1.62,2.30,1.65,2.35,1.62,2.36,1.62
12,24:9:23:08:08,2.35,1.63,2.36,1.62,2.30,1.65,2.22,1.69,2.36,1.62
13,24:9:23:09:12,2.20,1.69,2.10,1.77,2.20,1.71,2.22,1.69,2.14,1.74
14,24:9:23:09:22,2.20,1.71,2.10,1.77,2.15,1.74,2.18,1.71,2.14,1.74
15,24:9:23:09:47,2.20,1.71,2.12,1.76,2.15,1.74,2.18,1.71,2.14,1.74
16,24:9:23:11:52,2.20,1.71,2.10,1.77,2.15,1.74,2.18,1.71,2.10,1.77
17,24:9:23:11:57,2.10,1.77,2.10,1.77,2.10,1.77,2.10,1.77,2.10,1.77
18,24:9:23:13:07,2.10,1.77,2.12,1.76,2.10,1.77,2.10,1.77,2.10,1.77
19,24:9:23:15:27,2.10,1.77,2.12,1.76,2.10,1.77,2.15,1.74,2.10,1.77
20,24:9:23:16:02,2.10,1.77,2.12,1.76,2.10,1.77,2.15,1.74,2.14,1.74
21,24:9:23:16:07,2.10,1.77,2.12,1.76,2.15,1.74,2.10,1.77,2.10,1.77
22,24:9:23:16:12,2.05,1.80,2.12,1.76,2.15,1.74,2.10,1.77,2.10,1.77
23,24:9:23:18:42,2.05,1.77,2.12,1.76,2.15,1.74,2.10,1.77,2.10,1.77
