,Date,Fanduel Odds[sea],Fanduel Odds[lv],Cesears Odds[sea],Cesears Odds[lv],Bet365 Odds[sea],Bet365 Odds[lv],DraftKings Odds[sea],DraftKings Odds[lv],BetMGM Odds[sea],BetMGM Odds[lv]
0,24:9:22:23:54,N/A,N/A,N/A,N/A,N/A,N/A,N/A,N/A,3.95,1.27
1,24:9:23:00:14,N/A,N/A,N/A,N/A,4.00,1.26,N/A,N/A,3.95,1.27
2,24:9:23:00:19,N/A,N/A,N/A,N/A,4.10,1.26,N/A,N/A,4.20,1.24
3,24:9:23:00:24,N/A,N/A,N/A,N/A,4.25,1.24,N/A,N/A,4.20,1.24
4,24:9:23:00:34,4.25,1.25,N/A,N/A,4.25,1.24,N/A,N/A,4.20,1.24
5,24:9:23:00:39,4.25,1.25,N/A,N/A,4.25,1.24,4.35,1.23,4.20,1.24
6,24:9:23:00:45,4.25,1.25,4.20,1.23,4.25,1.24,4.35,1.23,4.20,1.24
7,24:9:23:01:19,4.25,1.25,4.30,1.22,4.25,1.24,4.35,1.23,4.20,1.24
8,24:9:23:02:29,4.25,1.25,4.50,1.21,4.25,1.24,4.35,1.23,4.20,1.24
9,24:9:23:03:24,4.25,1.25,4.30,1.22,4.25,1.24,4.35,1.23,4.20,1.24
10,24:9:23:07:04,4.25,1.25,4.40,1.21,4.25,1.24,4.35,1.23,4.20,1.24
11,24:9:23:08:04,4.25,1.25,4.40,1.21,4.25,1.24,4.45,1.22,4.20,1.24
12,24:9:23:08:16,4.50,1.22,4.40,1.21,4.25,1.24,4.45,1.22,4.20,1.24
13,24:9:23:10:06,4.50,1.22,4.40,1.21,4.50,1.22,4.60,1.21,4.20,1.24
14,24:9:23:12:11,4.50,1.22,4.40,1.21,4.50,1.22,4.45,1.22,4.20,1.24
15,24:9:23:12:31,4.50,1.22,4.40,1.21,4.50,1.22,4.45,1.22,4.50,1.22
16,24:9:23:13:36,4.50,1.22,4.30,1.22,4.50,1.22,4.45,1.22,4.50,1.22
17,24:9:23:13:41,4.50,1.22,4.40,1.21,4.50,1.22,4.45,1.22,4.50,1.22
18,24:9:23:13:52,4.50,1.22,4.20,1.23,4.50,1.22,4.45,1.22,4.50,1.22
19,24:9:23:15:06,4.50,1.22,4.30,1.22,4.50,1.22,4.45,1.22,4.50,1.22
20,24:9:23:15:16,4.50,1.22,4.40,1.21,4.50,1.22,4.45,1.22,4.50,1.22
21,24:9:23:15:51,4.50,1.22,4.40,1.21,4.50,1.22,4.45,1.22,4.60,1.21
22,24:9:23:15:56,4.50,1.22,4.40,1.21,4.50,1.22,4.60,1.21,4.60,1.21
23,24:9:23:16:56,4.50,1.22,4.20,1.23,4.50,1.22,4.60,1.21,4.60,1.21
24,24:9:23:17:16,4.50,1.22,4.20,1.23,4.50,1.22,4.60,1.21,4.70,1.21
25,24:9:23:17:46,4.50,1.22,4.50,1.21,4.50,1.22,4.60,1.21,4.70,1.21
26,24:9:23:17:56,4.50,1.22,4.30,1.22,4.50,1.22,4.60,1.21,4.70,1.21
27,24:9:23:18:31,4.50,1.22,4.40,1.21,4.50,1.22,4.60,1.21,4.70,1.21
