,Date,Fanduel Odds[sf],Fanduel Odds[az],Cesears Odds[sf],Cesears Odds[az],Bet365 Odds[sf],Bet365 Odds[az],DraftKings Odds[sf],DraftKings Odds[az],BetMGM Odds[sf],BetMGM Odds[az]
0,24:9:22:14:23,N/A,N/A,2.52,1.56,N/A,N/A,N/A,N/A,N/A,N/A
1,24:9:22:16:08,N/A,N/A,2.52,1.56,N/A,N/A,2.43,1.59,N/A,N/A
2,24:9:22:17:03,N/A,N/A,2.52,1.56,2.45,1.59,2.43,1.59,N/A,N/A
3,24:9:22:18:48,N/A,N/A,2.44,1.58,2.45,1.59,2.43,1.59,N/A,N/A
4,24:9:22:19:03,2.45,1.57,2.44,1.58,2.45,1.59,2.43,1.59,N/A,N/A
5,24:9:22:19:48,2.45,1.57,2.44,1.58,2.45,1.59,2.43,1.59,2.50,1.56
6,24:9:22:20:28,2.45,1.57,2.44,1.58,2.45,1.59,2.43,1.59,2.45,1.57
7,24:9:22:21:53,2.45,1.57,2.44,1.58,2.45,1.59,2.43,1.59,2.42,1.59
8,24:9:23:08:22,2.45,1.57,2.44,1.58,2.45,1.59,2.43,1.59,2.45,1.57
9,24:9:23:10:22,2.45,1.57,2.44,1.58,2.45,1.59,2.43,1.59,2.42,1.59
10,24:9:23:11:12,2.45,1.57,2.50,1.56,2.50,1.56,2.43,1.59,2.42,1.59
11,24:9:23:11:17,2.45,1.57,2.50,1.56,2.50,1.56,2.50,1.56,2.45,1.57
12,24:9:23:11:22,2.45,1.57,2.50,1.56,2.50,1.56,2.50,1.56,2.50,1.56
13,24:9:23:11:47,2.50,1.54,2.50,1.56,2.50,1.56,2.50,1.56,2.50,1.56
14,24:9:23:13:52,2.50,1.54,2.50,1.56,2.50,1.56,2.50,1.56,2.54,1.54
15,24:9:23:13:57,2.50,1.54,2.50,1.56,2.50,1.56,2.58,1.53,2.54,1.54
16,24:9:23:14:37,2.50,1.54,2.52,1.56,2.50,1.56,2.58,1.53,2.54,1.54
17,24:9:23:14:52,2.50,1.54,2.46,1.57,2.50,1.56,2.58,1.53,2.54,1.54
18,24:9:23:16:02,2.50,1.54,2.52,1.56,2.50,1.56,2.58,1.53,2.54,1.54
19,24:9:23:16:07,2.50,1.54,2.50,1.56,2.50,1.56,2.58,1.53,2.54,1.54
20,24:9:23:16:27,2.50,1.54,2.50,1.56,2.50,1.56,2.50,1.56,2.54,1.54
21,24:9:23:16:42,2.50,1.54,2.50,1.56,2.55,1.54,2.50,1.56,2.54,1.54
22,24:9:23:16:47,2.50,1.54,2.50,1.56,2.55,1.54,2.58,1.53,2.54,1.54
23,24:9:23:18:22,2.50,1.54,2.50,1.56,2.55,1.54,2.58,1.53,2.60,1.52
24,24:9:23:18:27,2.50,1.54,2.50,1.56,2.60,1.53,2.58,1.53,2.60,1.52
25,24:9:23:18:37,2.50,1.54,2.60,1.53,2.60,1.53,2.58,1.53,2.60,1.52
26,24:9:23:18:42,2.50,1.54,2.54,1.54,2.60,1.53,2.58,1.53,2.60,1.52
