,Date,Fanduel Odds[shsu],Fanduel Odds[utep],Cesears Odds[shsu],Cesears Odds[utep],Bet365 Odds[shsu],Bet365 Odds[utep],DraftKings Odds[shsu],DraftKings Odds[utep],BetMGM Odds[shsu],BetMGM Odds[utep]
0,24:10:1:08:19,1.22,4.33,N/A,N/A,N/A,N/A,N/A,N/A,N/A,N/A
1,24:10:1:19:20,1.22,4.33,N/A,N/A,N/A,N/A,N/A,N/A,1.24,4.20
2,24:10:1:20:34,1.25,4.20,N/A,N/A,N/A,N/A,N/A,N/A,1.24,4.20
3,24:10:1:21:49,1.25,4.20,N/A,N/A,N/A,N/A,N/A,N/A,1.25,4.10
4,24:10:2:08:49,1.25,4.20,N/A,N/A,1.26,4.10,1.25,4.10,1.25,4.10
5,24:10:2:13:44,1.25,4.20,N/A,N/A,1.26,4.10,1.25,4.10,1.26,4.00
6,24:10:2:13:49,1.25,4.20,1.27,3.85,1.26,4.00,1.26,4.00,1.25,4.10
7,24:10:2:13:54,1.25,4.20,1.27,3.85,1.26,4.00,1.26,4.00,1.26,4.00
8,24:10:2:19:49,1.25,4.10,1.27,3.85,1.26,4.00,1.26,4.00,1.26,4.00
9,24:9:29:03:04,1.25,4.10,1.21,4.60,1.26,4.00,1.26,4.00,1.26,4.00
10,24:9:29:03:09,1.25,4.10,1.22,4.40,1.26,4.00,1.26,4.00,1.26,4.00
11,24:9:29:13:44,1.25,4.10,1.25,4.10,1.26,4.00,1.26,4.00,1.26,4.00
12,24:9:29:14:14,1.25,4.10,1.25,4.10,1.26,4.00,1.26,4.00,1.25,4.10
13,24:9:29:15:59,1.25,4.10,1.25,4.10,1.24,4.25,1.26,4.00,1.25,4.10
14,24:9:29:16:04,1.25,4.10,1.25,4.10,1.24,4.25,1.24,4.20,1.25,4.10
15,24:9:29:19:14,1.25,4.10,1.25,4.10,1.24,4.25,1.24,4.20,1.24,4.30
16,24:9:29:19:19,1.25,4.10,1.25,4.10,1.24,4.25,1.23,4.28,1.24,4.30
17,24:9:30:03:04,1.25,4.10,1.24,4.15,1.24,4.25,1.23,4.28,1.24,4.30
18,24:9:30:05:39,1.25,4.10,1.25,4.10,1.24,4.25,1.23,4.28,1.24,4.30
19,24:9:30:07:48,1.25,4.10,1.25,4.10,1.24,4.25,1.23,4.28,1.24,4.30
20,24:9:30:08:29,1.25,4.10,1.24,4.30,1.24,4.25,1.23,4.28,1.24,4.30
21,24:9:30:12:29,1.25,4.10,1.24,4.30,1.24,4.25,1.23,4.28,1.24,4.20
22,24:9:30:12:34,1.25,4.10,1.24,4.30,1.25,4.20,1.24,4.20,1.24,4.20
23,24:9:30:13:29,1.25,4.10,1.24,4.30,1.25,4.20,1.24,4.20,1.25,4.10
