,Date,Fanduel Odds[ssk],Fanduel Odds[cgy],Cesears Odds[ssk],Cesears Odds[cgy],Bet365 Odds[ssk],Bet365 Odds[cgy],DraftKings Odds[ssk],DraftKings Odds[cgy],BetMGM Odds[ssk],BetMGM Odds[cgy]
0,24:9:10:15:09,N/A,N/A,1.54,2.52,N/A,N/A,N/A,N/A,N/A,N/A
1,24:9:11:15:38,N/A,N/A,1.54,2.52,N/A,N/A,N/A,N/A,1.60,2.40
2,24:9:15:11:13,N/A,N/A,1.54,2.52,N/A,N/A,N/A,N/A,1.65,2.30
3,24:9:15:19:33,N/A,N/A,1.54,2.52,N/A,N/A,1.62,2.35,1.65,2.30
4,24:9:15:20:50,N/A,N/A,1.54,2.52,1.61,2.40,1.62,2.35,1.65,2.30
5,24:9:16:02:38,N/A,N/A,1.54,2.52,1.65,2.30,1.62,2.35,1.65,2.30
6,24:9:16:02:43,N/A,N/A,1.54,2.52,1.65,2.30,1.65,2.30,1.65,2.30
7,24:9:16:06:38,N/A,N/A,1.59,2.40,1.65,2.30,1.65,2.30,1.65,2.30
8,24:9:16:09:16,N/A,N/A,1.75,2.12,1.65,2.30,1.65,2.30,1.65,2.30
9,24:9:16:10:51,N/A,N/A,1.75,2.12,1.71,2.20,1.65,2.30,1.65,2.30
10,24:9:16:15:43,N/A,N/A,1.71,2.16,1.71,2.20,1.65,2.30,1.65,2.30
11,24:9:16:17:06,1.67,2.25,1.71,2.16,1.71,2.20,1.65,2.30,1.65,2.30
12,24:9:16:17:12,1.67,2.25,1.71,2.16,1.71,2.20,1.71,2.18,1.65,2.30
13,24:9:16:23:11,1.67,2.25,1.71,2.16,1.71,2.20,1.69,2.22,1.65,2.30
14,24:9:16:23:37,1.67,2.25,1.71,2.16,1.71,2.20,1.67,2.26,1.65,2.30
15,24:9:16:23:56,1.67,2.25,1.71,2.16,1.71,2.20,1.65,2.30,1.65,2.30
16,24:9:17:04:01,1.67,2.25,1.71,2.16,1.65,2.30,1.65,2.30,1.65,2.30
17,24:9:17:08:41,1.67,2.25,1.70,2.18,1.65,2.30,1.65,2.30,1.65,2.30
18,24:9:17:08:46,1.67,2.25,1.69,2.20,1.65,2.30,1.65,2.30,1.65,2.30
19,24:9:17:09:01,1.67,2.25,1.71,2.16,1.65,2.30,1.65,2.30,1.65,2.30
20,24:9:17:09:46,1.67,2.25,1.71,2.16,1.67,2.25,1.65,2.30,1.65,2.30
21,24:9:17:09:56,1.67,2.25,1.68,2.22,1.67,2.25,1.65,2.30,1.65,2.30
22,24:9:17:22:16,1.67,2.25,1.68,2.22,1.67,2.25,1.67,2.26,1.65,2.30
23,24:9:18:20:24,1.67,2.25,1.68,2.22,1.65,2.30,1.67,2.26,1.65,2.30
