,Date,Fanduel Odds[stan],Fanduel Odds[syr],Cesears Odds[stan],Cesears Odds[syr],Bet365 Odds[stan],Bet365 Odds[syr],DraftKings Odds[stan],DraftKings Odds[syr],BetMGM Odds[stan],BetMGM Odds[syr]
0,24:9:15:02:48,N/A,N/A,3.65,1.30,N/A,N/A,N/A,N/A,N/A,N/A
1,24:9:15:03:13,N/A,N/A,3.85,1.27,N/A,N/A,N/A,N/A,N/A,N/A
2,24:9:15:08:08,N/A,N/A,3.75,1.29,N/A,N/A,N/A,N/A,N/A,N/A
3,24:9:15:10:09,N/A,N/A,3.70,1.29,N/A,N/A,N/A,N/A,N/A,N/A
4,24:9:15:11:23,N/A,N/A,3.55,1.31,N/A,N/A,N/A,N/A,N/A,N/A
5,24:9:15:12:18,N/A,N/A,3.55,1.31,3.60,1.31,N/A,N/A,N/A,N/A
6,24:9:15:13:38,N/A,N/A,3.70,1.29,3.60,1.31,N/A,N/A,N/A,N/A
7,24:9:15:13:43,N/A,N/A,3.70,1.29,3.80,1.28,N/A,N/A,N/A,N/A
8,24:9:15:14:09,N/A,N/A,3.70,1.29,3.80,1.28,3.85,1.27,3.85,1.28
9,24:9:15:14:31,N/A,N/A,3.65,1.30,3.80,1.28,3.85,1.27,3.85,1.28
10,24:9:15:15:53,N/A,N/A,3.45,1.32,3.80,1.28,3.85,1.27,3.85,1.28
11,24:9:15:16:13,N/A,N/A,3.45,1.32,3.80,1.28,3.85,1.27,3.75,1.29
12,24:9:15:16:18,N/A,N/A,3.45,1.32,3.80,1.28,3.75,1.28,3.75,1.29
13,24:9:15:16:48,N/A,N/A,3.45,1.32,3.80,1.28,3.60,1.30,3.45,1.33
14,24:9:15:16:59,N/A,N/A,3.45,1.32,3.70,1.29,3.60,1.30,3.50,1.32
15,24:9:15:17:03,N/A,N/A,3.45,1.32,3.50,1.32,3.50,1.31,3.50,1.32
16,24:9:15:18:33,N/A,N/A,3.45,1.32,3.60,1.31,3.50,1.31,3.50,1.32
17,24:9:15:19:18,N/A,N/A,3.45,1.32,3.90,1.27,3.50,1.31,3.50,1.32
18,24:9:15:19:23,N/A,N/A,3.45,1.32,3.90,1.27,3.70,1.29,3.50,1.32
19,24:9:16:08:13,3.70,1.29,3.45,1.32,3.90,1.27,3.70,1.29,3.50,1.32
20,24:9:16:10:30,3.70,1.29,3.65,1.30,3.90,1.27,3.70,1.29,3.50,1.32
21,24:9:16:11:15,3.70,1.29,3.65,1.30,3.75,1.29,3.70,1.29,3.50,1.32
22,24:9:16:11:25,3.40,1.33,3.65,1.30,3.75,1.29,3.70,1.29,3.50,1.32
23,24:9:16:11:50,3.40,1.33,3.65,1.30,3.70,1.29,3.70,1.29,3.50,1.32
24,24:9:16:12:05,3.60,1.29,3.65,1.30,3.70,1.29,3.70,1.29,3.50,1.32
25,24:9:16:12:10,3.60,1.29,3.65,1.30,3.75,1.29,3.70,1.29,3.50,1.32
26,24:9:16:13:44,3.60,1.29,3.65,1.30,3.75,1.29,3.70,1.29,3.45,1.33
27,24:9:16:14:15,3.60,1.29,3.65,1.30,3.75,1.29,3.70,1.29,3.40,1.34
28,24:9:16:14:20,3.60,1.29,3.65,1.30,3.75,1.29,3.75,1.28,3.40,1.34
29,24:9:16:15:30,3.60,1.29,3.50,1.32,3.75,1.29,3.75,1.28,3.40,1.34
30,24:9:16:15:35,3.60,1.29,3.50,1.32,3.75,1.29,3.75,1.28,3.45,1.33
31,24:9:16:15:42,3.90,1.27,3.50,1.32,3.90,1.27,3.85,1.27,3.60,1.31
32,24:9:16:16:35,3.90,1.27,3.50,1.32,3.90,1.27,3.85,1.27,3.70,1.29
33,24:9:16:20:00,3.90,1.27,3.50,1.32,3.80,1.28,3.85,1.27,3.70,1.29
34,24:9:16:20:05,3.90,1.27,3.50,1.32,3.80,1.28,3.78,1.28,3.70,1.29
35,24:9:16:23:00,3.90,1.27,3.50,1.32,3.80,1.28,3.78,1.28,3.75,1.29
36,24:9:17:01:20,3.90,1.27,3.65,1.30,3.80,1.28,3.78,1.28,3.75,1.29
37,24:9:17:07:13,3.90,1.27,3.70,1.29,3.80,1.28,3.78,1.28,3.75,1.29
38,24:9:17:07:40,3.90,1.27,3.65,1.30,3.80,1.28,3.78,1.28,3.75,1.29
39,24:9:17:07:45,3.90,1.27,3.60,1.30,3.80,1.28,3.78,1.28,3.75,1.29
40,24:9:17:08:15,3.90,1.27,3.60,1.30,3.80,1.28,3.78,1.28,3.70,1.29
41,24:9:17:08:20,3.90,1.27,3.60,1.30,3.80,1.28,3.78,1.28,3.75,1.29
42,24:9:17:08:25,3.90,1.27,3.60,1.30,3.80,1.28,3.85,1.27,3.75,1.29
43,24:9:17:11:16,3.90,1.27,3.60,1.30,3.80,1.28,3.85,1.27,3.80,1.28
44,24:9:17:11:20,3.90,1.27,3.60,1.30,3.80,1.28,3.85,1.27,3.75,1.29
45,24:9:17:11:40,3.90,1.27,3.65,1.30,3.80,1.28,3.85,1.27,3.75,1.29
46,24:9:17:12:30,3.90,1.27,3.80,1.28,3.80,1.28,3.85,1.27,3.75,1.29
47,24:9:17:13:10,3.90,1.27,3.60,1.30,3.80,1.28,3.85,1.27,3.70,1.29
48,24:9:17:13:15,3.90,1.27,3.60,1.30,3.60,1.31,3.70,1.29,3.50,1.32
49,24:9:17:13:20,3.60,1.29,3.60,1.30,3.60,1.31,3.70,1.29,3.50,1.32
50,24:9:17:13:35,3.60,1.29,3.55,1.31,3.60,1.31,3.70,1.29,3.50,1.32
51,24:9:17:20:25,3.60,1.29,3.55,1.31,3.60,1.31,3.60,1.30,3.50,1.32
52,24:9:17:22:10,3.60,1.29,3.55,1.31,3.60,1.31,3.60,1.30,3.60,1.31
53,24:9:17:23:00,3.60,1.29,3.55,1.31,3.60,1.31,3.50,1.31,3.60,1.31
54,24:9:18:04:35,3.60,1.29,3.55,1.31,3.60,1.31,3.60,1.30,3.60,1.31
55,24:9:18:08:51,3.60,1.29,3.55,1.31,3.65,1.30,3.60,1.30,3.60,1.31
56,24:9:18:15:36,3.60,1.29,3.55,1.31,3.70,1.29,3.60,1.30,3.60,1.31
57,24:9:18:20:46,3.60,1.29,3.55,1.31,3.70,1.29,3.60,1.30,3.70,1.29
