,Date,Fanduel Odds[ten],Fanduel Odds[chi],Cesears Odds[ten],Cesears Odds[chi],Bet365 Odds[ten],Bet365 Odds[chi],DraftKings Odds[ten],DraftKings Odds[chi],BetMGM Odds[ten],BetMGM Odds[chi]
0,24:6:2:21:04,2.94,1.43,N/A,N/A,N/A,N/A,N/A,N/A,N/A,N/A
1,24:6:2:21:09,2.88,1.44,N/A,N/A,N/A,N/A,N/A,N/A,N/A,N/A
2,24:8:1:17:14,2.88,1.45,N/A,N/A,N/A,N/A,N/A,N/A,N/A,N/A
3,24:8:4:22:21,2.80,1.47,N/A,N/A,N/A,N/A,N/A,N/A,N/A,N/A
4,24:8:7:12:11,2.80,1.47,N/A,N/A,N/A,N/A,2.64,1.51,N/A,N/A
5,24:8:9:10:16,2.80,1.47,2.70,1.49,2.65,1.50,2.64,1.51,N/A,N/A
6,24:9:1:09:28,2.80,1.47,2.70,1.49,2.65,1.50,2.64,1.51,N/A,N/A
7,24:9:1:13:28,2.80,1.47,2.70,1.49,2.65,1.50,2.64,1.51,N/A,N/A
8,24:9:1:16:53,2.76,1.48,2.70,1.49,2.65,1.50,2.64,1.51,N/A,N/A
9,24:9:1:17:45,2.64,1.51,2.70,1.49,2.65,1.50,2.64,1.51,N/A,N/A
10,24:9:1:18:13,2.64,1.51,2.70,1.49,2.65,1.50,2.70,1.49,N/A,N/A
11,24:9:1:18:18,2.64,1.51,2.70,1.49,2.65,1.50,2.64,1.51,N/A,N/A
12,24:9:1:19:48,2.62,1.52,2.70,1.49,2.65,1.50,2.64,1.51,N/A,N/A
13,24:9:1:21:38,2.66,1.51,2.70,1.49,2.65,1.50,2.64,1.51,N/A,N/A
14,24:9:2:00:43,2.64,1.51,2.70,1.49,2.65,1.50,2.64,1.51,N/A,N/A
15,24:9:2:11:08,2.64,1.51,2.70,1.49,2.65,1.50,2.70,1.49,N/A,N/A
16,24:9:2:13:53,2.66,1.51,2.70,1.49,2.65,1.50,2.70,1.49,N/A,N/A
17,24:9:2:16:18,2.60,1.53,2.70,1.49,2.65,1.50,2.80,1.46,N/A,N/A
18,24:9:2:16:58,2.60,1.53,2.70,1.49,2.65,1.50,2.70,1.49,N/A,N/A
19,24:9:3:09:41,2.60,1.53,2.70,1.49,2.75,1.48,2.70,1.49,N/A,N/A
20,24:9:3:12:16,2.60,1.53,2.62,1.51,2.75,1.48,2.70,1.49,N/A,N/A
21,24:9:3:12:31,2.60,1.53,2.62,1.51,2.75,1.48,2.64,1.51,N/A,N/A
22,24:9:3:12:41,2.68,1.50,2.62,1.51,2.75,1.48,2.60,1.52,N/A,N/A
23,24:9:3:12:46,2.68,1.50,2.52,1.56,2.55,1.54,2.60,1.52,2.55,1.53
24,24:9:3:12:56,2.68,1.50,2.52,1.56,2.55,1.54,2.54,1.54,2.55,1.53
25,24:9:3:14:16,2.54,1.54,2.52,1.56,2.55,1.54,2.54,1.54,2.55,1.53
26,24:9:3:17:16,2.76,1.48,2.52,1.56,2.55,1.54,2.64,1.51,2.55,1.53
27,24:9:3:17:24,2.76,1.48,2.58,1.53,2.65,1.50,2.60,1.52,2.65,1.50
28,24:9:3:17:26,2.76,1.48,2.58,1.53,2.65,1.50,2.64,1.51,2.65,1.50
29,24:9:3:18:06,2.76,1.48,2.58,1.53,2.65,1.50,2.60,1.52,2.65,1.50
30,24:9:3:23:16,2.72,1.49,2.58,1.53,2.65,1.50,2.60,1.52,2.65,1.50
31,24:9:4:01:31,2.76,1.48,2.58,1.53,2.65,1.50,2.60,1.52,2.65,1.50
32,24:9:4:01:46,2.80,1.47,2.58,1.53,2.65,1.50,2.60,1.52,2.65,1.50
33,24:9:4:11:16,2.80,1.47,2.58,1.53,2.65,1.50,2.64,1.51,2.65,1.50
34,24:9:4:11:44,2.80,1.47,2.58,1.53,2.65,1.50,2.60,1.52,2.65,1.50
35,24:9:5:03:12,2.60,1.53,2.58,1.53,2.65,1.50,2.54,1.54,2.65,1.50
36,24:9:5:12:46,2.60,1.53,2.58,1.53,2.60,1.53,2.54,1.54,2.55,1.53
37,24:9:5:13:14,2.60,1.53,2.52,1.56,2.60,1.53,2.54,1.54,2.55,1.53
38,24:9:5:14:03,2.60,1.53,2.58,1.53,2.60,1.53,2.54,1.54,2.55,1.53
39,24:9:5:14:44,2.66,1.51,2.58,1.53,2.60,1.53,2.54,1.54,2.55,1.53
40,24:5:15:20:25,2.94,1.43,2.80,1.45,2.90,1.43,2.60,1.52,2.55,1.53
41,24:5:15:20:50,2.98,1.42,2.80,1.45,2.90,1.43,2.60,1.52,2.55,1.53
42,24:5:15:23:05,2.98,1.42,2.80,1.45,2.90,1.43,2.70,1.49,2.55,1.53
43,24:5:16:02:00,2.98,1.42,2.80,1.45,2.90,1.43,2.80,1.46,2.55,1.53
44,24:5:16:03:55,2.98,1.42,2.80,1.45,2.80,1.45,2.80,1.46,2.55,1.53
45,24:5:16:12:30,2.98,1.42,2.80,1.45,2.80,1.45,2.80,1.46,3.00,1.40
46,24:5:16:12:40,2.84,1.45,2.80,1.45,2.80,1.45,2.80,1.46,3.00,1.40
47,24:5:16:13:10,2.90,1.44,2.80,1.45,2.80,1.45,2.80,1.46,3.00,1.40
48,24:5:17:17:00,2.90,1.44,2.75,1.48,2.80,1.45,2.80,1.46,3.00,1.40
49,24:5:18:08:45,2.90,1.44,2.75,1.48,2.80,1.45,2.80,1.46,2.85,1.44
50,24:5:20:02:55,2.90,1.44,2.75,1.48,2.75,1.48,2.80,1.46,2.85,1.44
51,24:7:16:04:17,2.90,1.44,2.75,1.48,2.75,1.48,2.70,1.49,2.85,1.44
52,24:7:17:06:52,2.90,1.44,2.75,1.48,2.75,1.48,2.80,1.46,2.85,1.44
53,24:7:19:14:52,2.72,1.49,2.75,1.48,2.75,1.48,2.80,1.46,2.85,1.44
54,24:7:23:15:30,2.72,1.49,2.75,1.48,2.75,1.48,2.80,1.46,2.70,1.48
55,24:8:13:07:02,2.72,1.49,2.75,1.48,2.75,1.48,2.70,1.49,2.70,1.48
56,24:8:13:07:41,2.72,1.49,2.75,1.48,2.75,1.48,2.70,1.49,2.70,1.48
57,24:8:13:07:46,2.72,1.49,2.75,1.48,2.75,1.48,2.70,1.49,2.70,1.48
58,24:8:19:16:56,2.72,1.49,2.75,1.48,2.75,1.48,2.64,1.51,2.70,1.48
59,24:8:20:01:11,2.72,1.49,2.75,1.48,2.75,1.48,2.70,1.49,2.70,1.48
60,24:8:25:03:33,2.72,1.49,2.75,1.48,2.75,1.48,2.64,1.51,2.70,1.48
61,24:8:26:15:08,2.72,1.49,2.75,1.48,2.75,1.48,2.70,1.49,2.70,1.48
62,24:8:27:03:43,2.72,1.49,2.75,1.48,2.70,1.49,2.70,1.49,2.70,1.48
63,24:8:27:05:23,2.76,1.48,2.75,1.48,2.70,1.49,2.70,1.49,2.70,1.48
64,24:8:27:09:48,2.76,1.48,2.75,1.48,2.70,1.49,2.80,1.46,2.70,1.48
65,24:8:27:11:33,2.76,1.48,2.75,1.48,2.70,1.49,2.85,1.44,2.70,1.48
66,24:8:27:12:13,2.76,1.48,2.75,1.48,2.70,1.49,2.80,1.46,2.70,1.48
67,24:8:28:15:03,2.68,1.50,2.75,1.48,2.70,1.49,2.80,1.46,2.70,1.48
68,24:8:28:20:28,2.68,1.50,2.75,1.48,2.70,1.49,2.70,1.49,2.70,1.48
69,24:8:28:20:58,2.68,1.50,2.75,1.48,2.70,1.49,2.80,1.46,2.70,1.48
70,24:8:29:14:33,2.76,1.48,2.75,1.48,2.70,1.49,2.80,1.46,2.70,1.48
71,24:8:29:14:43,2.76,1.48,2.75,1.48,2.70,1.49,2.70,1.49,2.70,1.48
72,24:8:30:09:48,2.72,1.49,2.75,1.48,2.70,1.49,2.70,1.49,2.70,1.48
