,Date,Fanduel Odds[tor],Fanduel Odds[ott],Cesears Odds[tor],Cesears Odds[ott],Bet365 Odds[tor],Bet365 Odds[ott],DraftKings Odds[tor],DraftKings Odds[ott],BetMGM Odds[tor],BetMGM Odds[ott]
0,24:9:1:10:43,N/A,N/A,1.98,1.85,N/A,N/A,N/A,N/A,N/A,N/A
1,24:9:2:09:23,N/A,N/A,1.98,1.85,2.00,1.83,N/A,N/A,N/A,N/A
2,24:9:3:10:36,N/A,N/A,2.12,1.75,2.00,1.83,N/A,N/A,N/A,N/A
3,24:9:3:10:41,N/A,N/A,2.08,1.77,2.10,1.77,N/A,N/A,N/A,N/A
4,24:9:3:11:36,N/A,N/A,2.08,1.77,2.10,1.77,N/A,N/A,2.00,1.83
5,24:9:3:13:46,N/A,N/A,2.10,1.76,2.10,1.77,N/A,N/A,2.00,1.83
6,24:9:3:14:42,N/A,N/A,2.10,1.76,2.10,1.77,2.10,1.77,2.00,1.83
7,24:9:3:16:12,N/A,N/A,2.10,1.76,2.10,1.77,2.05,1.80,2.00,1.83
8,24:9:3:20:57,2.05,1.80,2.10,1.76,2.10,1.77,2.05,1.80,2.00,1.83
9,24:9:4:15:05,2.05,1.80,2.10,1.76,2.05,1.80,2.05,1.80,2.00,1.83
10,24:9:5:08:35,2.05,1.80,2.05,1.79,2.05,1.80,2.05,1.80,2.00,1.83
11,24:9:5:09:53,2.05,1.80,2.05,1.79,2.00,1.83,2.05,1.80,2.00,1.83
12,24:9:6:09:14,2.05,1.80,2.04,1.80,2.00,1.83,2.05,1.80,2.00,1.83
13,24:9:6:15:02,2.05,1.80,1.96,1.87,2.00,1.83,2.05,1.80,2.00,1.83
14,24:9:6:15:37,2.05,1.80,1.96,1.87,2.00,1.83,2.00,1.83,2.00,1.83
15,24:9:6:16:02,2.05,1.80,1.91,1.91,2.00,1.83,2.00,1.83,2.00,1.83
16,24:9:6:16:07,2.05,1.80,1.91,1.91,1.91,1.91,2.00,1.83,2.00,1.83
17,24:9:6:16:12,1.95,1.87,1.91,1.91,1.91,1.91,1.95,1.87,1.91,1.91
18,24:9:7:05:42,1.95,1.87,1.91,1.91,1.91,1.91,1.91,1.91,1.91,1.91
19,24:9:7:05:52,1.95,1.87,1.91,1.91,1.91,1.91,1.95,1.87,1.91,1.91
20,24:9:7:06:22,1.87,1.95,1.91,1.91,1.91,1.91,1.95,1.87,1.91,1.91
21,24:9:7:06:27,1.87,1.95,1.91,1.91,1.91,1.91,1.91,1.91,1.91,1.91
22,24:9:7:08:12,1.87,1.95,1.91,1.91,1.91,1.91,1.87,1.95,1.91,1.91
23,24:9:7:08:37,1.87,1.95,1.91,1.91,1.91,1.91,1.91,1.91,1.91,1.91
24,24:9:7:10:02,1.91,1.91,1.91,1.91,1.91,1.91,1.91,1.91,1.91,1.91
25,24:9:7:12:07,1.91,1.91,1.91,1.91,1.87,1.95,1.91,1.91,1.91,1.91
26,24:9:7:12:17,1.91,1.91,1.94,1.88,1.87,1.95,1.91,1.91,1.91,1.91
27,24:9:7:12:27,1.91,1.91,1.91,1.91,1.87,1.95,1.87,1.95,1.83,2.00
28,24:8:28:11:48,1.91,1.91,2.04,1.80,1.87,1.95,1.87,1.95,1.83,2.00
29,24:8:28:12:51,1.91,1.91,2.04,1.80,1.87,1.95,1.87,1.95,1.95,1.87
