,Date,Fanduel Odds[txst],Fanduel Odds[troy],Cesears Odds[txst],Cesears Odds[troy],Bet365 Odds[txst],Bet365 Odds[troy],DraftKings Odds[txst],DraftKings Odds[troy],BetMGM Odds[txst],BetMGM Odds[troy]
0,24:10:1:10:59,N/A,N/A,N/A,N/A,N/A,N/A,N/A,N/A,1.18,5.10
1,24:10:1:11:04,N/A,N/A,N/A,N/A,N/A,N/A,N/A,N/A,1.19,5.00
2,24:10:1:12:21,N/A,N/A,N/A,N/A,N/A,N/A,1.18,5.00,1.19,5.00
3,24:10:1:14:09,1.17,5.25,N/A,N/A,N/A,N/A,1.18,5.00,1.19,5.00
4,24:10:1:14:24,1.17,5.25,N/A,N/A,N/A,N/A,1.18,5.00,1.19,4.90
5,24:10:1:14:39,1.17,5.25,N/A,N/A,1.19,4.90,1.18,5.00,1.19,4.90
6,24:10:1:14:49,1.18,5.00,N/A,N/A,1.19,4.90,1.18,5.00,1.19,4.90
7,24:10:1:19:25,1.18,5.00,1.17,5.20,1.19,4.90,1.18,5.00,1.19,4.90
8,24:10:1:20:04,1.18,5.00,1.17,5.20,1.19,4.90,1.18,5.00,1.20,4.80
9,24:10:1:20:14,1.18,5.00,1.17,5.20,1.19,4.90,1.18,5.00,1.21,4.70
10,24:10:1:20:29,1.18,5.00,1.19,4.90,1.19,4.90,1.18,5.00,1.21,4.70
11,24:10:2:03:09,1.18,5.00,1.19,4.85,1.19,4.90,1.18,5.00,1.21,4.70
12,24:10:2:03:44,1.18,5.00,1.17,5.20,1.19,4.90,1.18,5.00,1.21,4.70
13,24:10:2:04:02,1.18,5.00,1.19,4.90,1.19,4.90,1.18,5.00,1.21,4.70
14,24:10:2:08:49,1.18,5.00,1.20,4.65,1.19,4.90,1.18,5.00,1.21,4.70
15,24:10:2:09:59,1.18,5.00,1.19,4.85,1.19,4.90,1.18,5.00,1.21,4.70
16,24:10:2:10:04,1.18,4.80,1.19,4.85,1.19,4.90,1.18,5.00,1.21,4.60
17,24:10:2:10:34,1.18,4.80,1.19,4.85,1.19,4.90,1.18,5.00,1.21,4.70
18,24:10:2:13:09,1.18,4.80,1.19,4.85,1.19,4.90,1.18,5.00,1.21,4.60
19,24:9:29:03:04,1.18,4.80,1.14,5.80,1.19,4.90,1.18,5.00,1.21,4.60
20,24:9:29:03:19,1.18,4.80,1.16,5.40,1.19,4.90,1.18,5.00,1.21,4.60
21,24:9:29:07:27,1.18,4.80,1.19,4.90,1.19,4.90,1.18,5.00,1.21,4.60
22,24:9:29:08:39,1.18,4.80,1.14,5.80,1.19,4.90,1.18,5.00,1.21,4.60
23,24:9:29:09:04,1.18,4.80,1.16,5.40,1.19,4.90,1.18,5.00,1.21,4.60
24,24:9:29:10:56,1.18,4.80,1.14,6.00,1.19,4.90,1.18,5.00,1.21,4.60
25,24:9:29:13:14,1.18,4.80,1.14,5.90,1.19,4.90,1.18,5.00,1.21,4.60
26,24:9:29:14:04,1.18,4.80,1.14,5.90,1.19,4.90,1.18,5.00,1.13,6.50
27,24:9:29:14:14,1.18,4.80,1.14,5.90,1.19,4.90,1.18,5.00,1.14,6.00
28,24:9:29:15:59,1.18,4.80,1.14,5.90,1.14,6.00,1.18,5.00,1.14,6.00
29,24:9:29:16:04,1.18,4.80,1.14,5.90,1.14,6.00,1.14,6.00,1.14,6.00
30,24:9:29:19:09,1.18,4.80,1.14,5.90,1.14,6.00,1.14,6.00,1.10,7.50
31,24:9:29:19:14,1.18,4.80,1.14,5.90,1.14,6.00,1.14,6.00,1.14,6.00
32,24:9:30:07:48,1.14,6.00,1.14,5.80,1.14,6.00,1.14,6.00,1.14,6.00
33,24:9:30:09:09,1.14,6.00,1.17,5.20,1.14,6.00,1.14,6.00,1.14,6.00
34,24:9:30:09:49,1.15,5.50,1.17,5.20,1.14,6.00,1.14,6.00,1.14,6.00
35,24:9:30:10:24,1.15,5.50,1.17,5.20,1.17,5.50,1.17,5.30,1.14,6.00
36,24:9:30:10:29,1.15,5.50,1.17,5.20,1.17,5.50,1.17,5.30,1.15,5.70
37,24:9:30:11:34,1.15,5.50,1.17,5.30,1.17,5.50,1.17,5.30,1.15,5.90
38,24:9:30:11:39,1.15,5.50,1.17,5.30,1.15,5.75,1.15,5.60,1.15,5.90
39,24:9:30:11:44,1.14,6.00,1.18,5.00,1.17,5.50,1.17,5.30,1.15,5.90
40,24:9:30:11:59,1.14,6.00,1.18,5.00,1.17,5.50,1.17,5.30,1.15,5.70
41,24:9:30:12:14,1.15,5.50,1.18,5.00,1.17,5.50,1.17,5.30,1.15,5.70
42,24:9:30:13:21,1.15,5.50,1.18,5.00,1.17,5.50,1.17,5.30,1.16,5.55
43,24:9:30:13:24,1.15,5.50,1.18,5.00,1.17,5.50,1.17,5.30,1.15,5.70
44,24:9:30:15:04,1.15,5.50,1.18,5.00,1.17,5.25,1.17,5.30,1.15,5.70
45,24:9:30:19:54,1.15,5.50,1.18,5.00,1.17,5.25,1.17,5.30,1.17,5.25
