,Date,Fanduel Odds[usa],Fanduel Odds[app],Cesears Odds[usa],Cesears Odds[app],Bet365 Odds[usa],Bet365 Odds[app],DraftKings Odds[usa],DraftKings Odds[app],BetMGM Odds[usa],BetMGM Odds[app]
0,24:9:15:02:48,N/A,N/A,2.72,1.48,N/A,N/A,N/A,N/A,N/A,N/A
1,24:9:15:03:13,N/A,N/A,2.76,1.47,N/A,N/A,N/A,N/A,N/A,N/A
2,24:9:15:04:53,N/A,N/A,2.90,1.43,N/A,N/A,N/A,N/A,N/A,N/A
3,24:9:15:09:18,N/A,N/A,2.98,1.41,N/A,N/A,N/A,N/A,N/A,N/A
4,24:9:15:12:13,N/A,N/A,2.98,1.41,3.00,1.41,N/A,N/A,N/A,N/A
5,24:9:15:13:18,N/A,N/A,2.95,1.42,3.00,1.41,N/A,N/A,N/A,N/A
6,24:9:15:13:28,N/A,N/A,2.98,1.41,3.00,1.41,N/A,N/A,N/A,N/A
7,24:9:15:13:33,N/A,N/A,3.15,1.38,3.00,1.41,N/A,N/A,N/A,N/A
8,24:9:15:13:38,N/A,N/A,3.10,1.38,3.00,1.41,N/A,N/A,N/A,N/A
9,24:9:15:13:53,N/A,N/A,3.15,1.38,3.00,1.41,N/A,N/A,N/A,N/A
10,24:9:15:15:18,N/A,N/A,3.15,1.38,3.10,1.38,3.10,1.38,3.10,1.39
11,24:9:15:16:23,N/A,N/A,3.15,1.38,3.00,1.41,3.10,1.38,3.10,1.39
12,24:9:15:16:28,N/A,N/A,3.15,1.38,3.10,1.38,3.05,1.40,3.10,1.39
13,24:9:15:16:36,N/A,N/A,3.15,1.38,3.10,1.38,3.10,1.38,3.10,1.39
14,24:9:15:16:59,N/A,N/A,3.15,1.38,3.10,1.38,3.10,1.38,3.15,1.38
15,24:9:15:17:31,N/A,N/A,3.02,1.40,3.10,1.38,3.10,1.38,3.15,1.38
16,24:9:15:19:28,N/A,N/A,3.02,1.40,3.10,1.38,3.10,1.38,3.10,1.39
17,24:9:16:02:23,N/A,N/A,3.02,1.40,3.10,1.38,3.10,1.38,3.15,1.38
18,24:9:16:02:28,N/A,N/A,3.02,1.40,3.10,1.38,3.10,1.38,3.25,1.36
19,24:9:16:02:33,N/A,N/A,3.02,1.40,3.10,1.38,3.15,1.37,3.25,1.36
20,24:9:16:05:08,N/A,N/A,2.98,1.41,3.10,1.38,3.15,1.37,3.25,1.36
21,24:9:16:08:13,3.20,1.36,2.98,1.41,3.10,1.38,3.15,1.37,3.25,1.36
22,24:9:16:08:28,3.20,1.36,2.98,1.41,3.10,1.38,3.15,1.37,3.20,1.37
23,24:9:16:11:05,3.20,1.36,2.98,1.41,3.30,1.36,3.15,1.37,3.20,1.37
24,24:9:16:11:45,3.20,1.36,2.98,1.41,3.35,1.34,3.15,1.37,3.20,1.37
25,24:9:16:11:55,3.20,1.36,2.98,1.41,3.35,1.34,3.22,1.36,3.20,1.37
26,24:9:16:12:00,3.40,1.33,3.15,1.38,3.35,1.34,3.40,1.33,3.35,1.34
27,24:9:16:12:10,3.40,1.33,3.25,1.36,3.35,1.34,3.40,1.33,3.35,1.34
28,24:9:16:12:20,3.40,1.33,3.25,1.36,3.35,1.34,3.40,1.33,3.40,1.34
29,24:9:16:12:25,3.40,1.33,3.25,1.36,3.35,1.34,3.40,1.33,3.50,1.32
30,24:9:16:12:55,3.40,1.33,3.30,1.35,3.35,1.34,3.40,1.33,3.50,1.32
31,24:9:16:13:25,3.40,1.33,3.30,1.35,3.35,1.34,3.40,1.33,3.35,1.34
32,24:9:16:13:30,3.40,1.33,3.30,1.35,3.35,1.34,3.28,1.35,3.30,1.35
33,24:9:16:14:25,3.40,1.33,3.30,1.35,3.45,1.33,3.40,1.33,3.30,1.35
34,24:9:16:16:45,3.40,1.33,3.30,1.35,3.45,1.33,3.40,1.33,3.35,1.34
35,24:9:16:17:20,3.40,1.33,3.30,1.35,3.45,1.33,3.40,1.33,3.30,1.35
36,24:9:16:17:25,3.40,1.33,3.30,1.35,3.45,1.33,3.40,1.33,3.35,1.34
37,24:9:16:20:45,3.40,1.33,3.30,1.35,3.45,1.33,3.40,1.33,3.40,1.34
38,24:9:17:07:45,3.40,1.33,3.30,1.35,3.45,1.33,3.40,1.33,3.35,1.34
39,24:9:17:16:25,3.20,1.36,3.05,1.39,3.45,1.33,3.35,1.34,3.10,1.39
40,24:9:17:16:30,3.20,1.36,3.05,1.39,3.25,1.36,3.35,1.34,3.10,1.39
41,24:9:17:17:00,3.20,1.36,3.05,1.39,3.25,1.36,3.35,1.34,3.15,1.38
42,24:9:17:17:13,3.20,1.36,3.05,1.39,3.40,1.33,3.40,1.33,3.15,1.38
43,24:9:17:17:20,3.40,1.33,3.15,1.38,3.40,1.33,3.40,1.33,3.15,1.38
44,24:9:17:17:30,3.40,1.33,3.15,1.38,3.40,1.33,3.35,1.34,3.15,1.38
45,24:9:17:17:35,3.40,1.33,3.15,1.38,3.30,1.36,3.35,1.34,3.15,1.38
46,24:9:17:17:42,3.20,1.36,3.15,1.38,3.30,1.36,3.28,1.35,3.15,1.38
47,24:9:17:20:45,3.20,1.36,3.15,1.38,3.35,1.34,3.35,1.34,3.15,1.38
48,24:9:18:01:00,3.20,1.36,3.15,1.38,3.35,1.34,3.35,1.34,3.00,1.41
49,24:9:18:06:45,3.20,1.36,3.25,1.36,3.35,1.34,3.35,1.34,3.00,1.41
50,24:9:18:07:23,3.20,1.36,3.20,1.36,3.35,1.34,3.35,1.34,3.00,1.41
51,24:9:18:07:46,3.20,1.36,3.30,1.35,3.35,1.34,3.35,1.34,3.00,1.41
52,24:9:18:07:57,3.20,1.36,3.20,1.36,3.35,1.34,3.35,1.34,3.00,1.41
53,24:9:18:08:31,3.20,1.36,3.20,1.36,3.35,1.34,3.35,1.34,3.05,1.40
54,24:9:18:08:51,3.20,1.36,3.20,1.36,3.35,1.34,3.35,1.34,3.10,1.39
55,24:9:18:15:56,3.20,1.36,3.20,1.36,3.35,1.34,3.35,1.34,3.05,1.40
56,24:9:18:17:31,3.20,1.36,3.20,1.36,3.35,1.34,3.35,1.34,3.10,1.39
57,24:9:18:17:36,3.20,1.36,3.20,1.36,3.35,1.34,3.35,1.34,3.05,1.40
58,24:9:18:17:41,3.20,1.36,3.20,1.36,3.35,1.34,3.35,1.34,3.15,1.38
59,24:9:18:20:11,3.20,1.36,3.20,1.36,3.35,1.34,3.35,1.34,3.10,1.39
60,24:9:18:20:16,3.20,1.36,3.20,1.36,3.35,1.34,3.35,1.34,3.15,1.38
61,24:9:18:20:26,3.20,1.36,3.20,1.36,3.35,1.34,3.35,1.34,3.25,1.36
