,Date,Fanduel Odds[vt],Fanduel Odds[mia],Cesears Odds[vt],Cesears Odds[mia],Bet365 Odds[vt],Bet365 Odds[mia],DraftKings Odds[vt],DraftKings Odds[mia],BetMGM Odds[vt],BetMGM Odds[mia]
0,24:7:11:12:10,3.40,1.33,N/A,N/A,N/A,N/A,N/A,N/A,N/A,N/A
1,24:9:20:14:56,3.40,1.33,4.65,1.20,N/A,N/A,N/A,N/A,N/A,N/A
2,24:9:20:18:26,3.40,1.33,5.40,1.16,N/A,N/A,N/A,N/A,N/A,N/A
3,24:9:21:09:16,3.40,1.33,5.30,1.17,N/A,N/A,N/A,N/A,N/A,N/A
4,24:9:22:01:46,3.40,1.33,5.80,1.14,N/A,N/A,N/A,N/A,N/A,N/A
5,24:9:22:01:57,3.40,1.33,6.20,1.13,N/A,N/A,N/A,N/A,N/A,N/A
6,24:9:22:02:01,3.40,1.33,6.30,1.13,N/A,N/A,N/A,N/A,N/A,N/A
7,24:9:22:08:36,3.40,1.33,6.80,1.11,N/A,N/A,N/A,N/A,N/A,N/A
8,24:9:22:14:21,3.40,1.33,6.80,1.11,N/A,N/A,N/A,N/A,7.00,1.11
9,24:9:22:14:26,3.40,1.33,6.80,1.11,N/A,N/A,N/A,N/A,6.75,1.12
10,24:9:22:19:11,3.40,1.33,6.80,1.11,6.75,1.12,N/A,N/A,6.75,1.12
11,24:9:22:19:16,3.40,1.33,6.80,1.11,6.75,1.12,6.50,1.12,6.75,1.12
12,24:9:22:19:27,3.40,1.33,6.80,1.11,6.75,1.12,6.50,1.12,6.25,1.13
13,24:9:22:19:31,3.40,1.33,6.80,1.11,6.50,1.13,6.50,1.12,6.50,1.13
14,24:9:22:21:46,3.40,1.33,6.80,1.11,6.50,1.13,6.50,1.12,6.75,1.12
15,24:9:23:05:26,3.40,1.33,6.70,1.12,6.50,1.13,6.50,1.12,6.75,1.12
16,24:9:23:07:16,7.25,1.10,6.70,1.12,6.50,1.13,6.50,1.12,6.75,1.12
17,24:9:23:09:04,7.25,1.10,6.70,1.12,6.75,1.12,6.50,1.12,6.50,1.13
18,24:9:23:10:14,7.25,1.10,6.70,1.12,6.75,1.12,6.50,1.12,6.75,1.12
19,24:9:23:10:49,7.25,1.10,7.80,1.09,7.00,1.11,7.00,1.11,7.25,1.11
20,24:9:23:10:54,8.50,1.08,7.80,1.09,7.00,1.11,7.00,1.11,7.50,1.10
21,24:9:23:10:59,8.50,1.08,7.80,1.09,7.25,1.11,7.50,1.10,7.75,1.10
22,24:9:23:12:34,8.50,1.08,7.80,1.09,7.00,1.11,7.50,1.10,7.75,1.10
23,24:9:23:12:39,8.50,1.08,7.80,1.09,7.25,1.11,7.50,1.10,7.75,1.10
24,24:9:23:13:09,8.50,1.08,7.80,1.09,7.50,1.10,7.50,1.10,7.75,1.10
25,24:9:23:13:14,8.50,1.08,7.80,1.09,7.25,1.11,7.50,1.10,7.75,1.10
26,24:9:23:14:39,8.50,1.08,7.80,1.09,7.00,1.11,7.50,1.10,7.75,1.10
27,24:9:23:15:54,8.50,1.08,7.60,1.10,7.00,1.11,7.50,1.10,7.75,1.10
28,24:9:23:16:15,8.50,1.08,7.80,1.09,7.00,1.11,7.50,1.10,7.75,1.10
29,24:9:23:16:29,8.50,1.08,7.80,1.09,7.00,1.11,7.50,1.10,8.00,1.09
30,24:9:23:16:34,8.50,1.08,7.80,1.09,7.00,1.11,7.50,1.10,7.75,1.10
31,24:9:23:16:59,8.00,1.09,7.80,1.09,7.00,1.11,7.50,1.10,7.75,1.10
32,24:9:23:17:04,7.50,1.10,7.80,1.09,7.00,1.11,7.50,1.10,7.75,1.10
