,Date,Fanduel Odds[was],Fanduel Odds[pit],Cesears Odds[was],Cesears Odds[pit],Bet365 Odds[was],Bet365 Odds[pit],DraftKings Odds[was],DraftKings Odds[pit],BetMGM Odds[was],BetMGM Odds[pit]
0,24:9:5:14:07,N/A,N/A,2.00,1.85,N/A,N/A,N/A,N/A,N/A,N/A
1,24:9:5:15:40,N/A,N/A,2.00,1.85,N/A,N/A,2.05,1.80,2.05,1.80
2,24:9:5:16:15,N/A,N/A,2.00,1.85,2.05,1.80,2.05,1.80,2.05,1.80
3,24:9:5:19:01,N/A,N/A,2.00,1.85,2.10,1.77,2.05,1.80,2.10,1.77
4,24:9:5:19:56,2.10,1.74,2.02,1.83,2.10,1.77,2.10,1.77,2.10,1.77
5,24:9:6:08:22,2.10,1.74,2.04,1.82,2.10,1.77,2.10,1.77,2.10,1.77
6,24:9:6:08:41,2.10,1.74,2.02,1.83,2.00,1.83,2.00,1.83,2.02,1.82
7,24:9:6:08:51,2.05,1.80,2.02,1.83,2.00,1.83,2.00,1.83,2.02,1.82
8,24:9:6:09:14,2.00,1.83,2.02,1.83,2.00,1.83,2.00,1.83,2.00,1.83
9,24:9:6:09:16,2.00,1.83,2.00,1.85,2.00,1.83,2.00,1.83,2.00,1.83
10,24:9:6:09:56,2.00,1.83,2.00,1.85,1.95,1.87,1.95,1.87,1.95,1.87
11,24:9:6:11:47,2.00,1.83,2.00,1.85,1.95,1.87,1.95,1.87,1.98,1.85
12,24:9:6:12:27,2.00,1.83,2.00,1.85,1.95,1.87,1.95,1.87,1.95,1.87
13,24:9:6:17:22,2.00,1.83,1.98,1.86,1.95,1.87,1.95,1.87,1.95,1.87
14,24:9:6:20:27,2.00,1.83,1.98,1.86,1.95,1.87,1.95,1.87,1.95,1.87
15,24:9:7:01:56,2.00,1.83,1.98,1.86,1.95,1.87,1.95,1.87,1.95,1.87
16,24:9:7:02:27,2.00,1.83,1.98,1.86,1.95,1.87,1.95,1.87,1.95,1.87
17,24:9:7:02:42,2.00,1.83,1.98,1.86,1.95,1.87,2.00,1.83,1.95,1.87
18,24:9:7:05:12,2.00,1.83,1.98,1.86,1.95,1.87,2.00,1.83,2.00,1.83
19,24:9:7:06:57,2.00,1.83,1.98,1.86,1.95,1.87,2.00,1.83,2.02,1.82
20,24:9:7:08:17,2.00,1.83,1.98,1.86,1.95,1.87,2.00,1.83,2.00,1.83
21,24:9:7:11:52,2.00,1.83,1.98,1.86,1.95,1.87,2.05,1.80,2.00,1.83
22,24:9:7:12:02,2.00,1.83,2.02,1.83,1.95,1.87,2.05,1.80,2.02,1.82
23,24:9:7:12:12,2.00,1.83,2.06,1.81,1.95,1.87,2.05,1.80,2.02,1.82
24,24:9:7:12:17,2.00,1.83,2.08,1.79,1.95,1.87,2.05,1.80,2.10,1.77
25,24:9:7:12:22,2.00,1.83,2.06,1.81,1.95,1.87,2.05,1.80,2.10,1.77
