,Date,Fanduel Odds[was],Fanduel Odds[pho],Cesears Odds[was],Cesears Odds[pho],Bet365 Odds[was],Bet365 Odds[pho],DraftKings Odds[was],DraftKings Odds[pho],BetMGM Odds[was],BetMGM Odds[pho]
0,24:9:3:23:00,N/A,N/A,N/A,N/A,N/A,N/A,2.60,1.52,N/A,N/A
1,24:9:4:01:55,2.76,1.45,N/A,N/A,N/A,N/A,2.60,1.52,N/A,N/A
2,24:9:4:04:15,2.76,1.45,N/A,N/A,2.80,1.45,2.60,1.52,N/A,N/A
3,24:9:4:04:25,2.76,1.45,2.70,1.49,2.80,1.45,2.60,1.52,N/A,N/A
4,24:9:4:09:35,2.76,1.45,2.70,1.49,2.75,1.48,2.60,1.52,N/A,N/A
5,24:9:4:11:02,2.80,1.44,2.70,1.49,2.75,1.48,2.60,1.52,N/A,N/A
6,24:9:4:13:50,2.76,1.45,2.70,1.49,2.65,1.50,2.60,1.52,N/A,N/A
7,24:9:4:14:10,2.76,1.45,2.62,1.51,2.65,1.50,2.60,1.52,N/A,N/A
8,24:9:5:02:36,2.84,1.43,2.92,1.43,2.80,1.45,2.80,1.46,2.70,1.48
9,24:9:5:08:09,2.84,1.43,2.92,1.43,2.80,1.45,3.00,1.41,2.70,1.48
10,24:9:5:08:24,2.84,1.43,2.92,1.43,2.90,1.43,3.00,1.41,2.90,1.44
11,24:9:5:08:41,2.90,1.42,2.92,1.43,2.90,1.43,3.00,1.41,2.90,1.44
12,24:9:5:08:46,2.90,1.42,2.92,1.43,2.90,1.43,3.05,1.40,2.90,1.44
13,24:9:5:09:10,2.84,1.43,2.92,1.43,2.95,1.42,3.05,1.40,2.90,1.44
14,24:9:5:09:35,2.80,1.44,2.92,1.43,2.95,1.42,3.05,1.40,2.90,1.44
15,24:9:5:09:44,2.98,1.40,2.92,1.43,2.95,1.42,3.05,1.40,2.90,1.44
16,24:9:5:09:50,2.98,1.40,2.92,1.43,3.20,1.37,3.05,1.40,2.90,1.44
17,24:9:5:10:00,2.98,1.40,3.22,1.36,3.20,1.37,3.05,1.40,2.90,1.44
18,24:9:5:10:05,3.05,1.38,3.22,1.36,3.20,1.37,3.05,1.40,2.90,1.44
19,24:9:5:10:24,3.05,1.38,3.22,1.36,3.20,1.37,3.05,1.40,3.10,1.40
20,24:9:5:10:47,3.25,1.34,3.22,1.36,3.20,1.37,3.05,1.40,3.20,1.36
21,24:9:5:10:51,3.35,1.32,3.22,1.36,3.20,1.37,3.05,1.40,3.20,1.36
22,24:9:5:11:17,3.05,1.38,3.15,1.37,3.00,1.41,3.05,1.40,3.20,1.36
23,24:9:5:11:22,3.05,1.38,3.15,1.37,3.05,1.40,3.05,1.40,2.95,1.40
24,24:9:5:11:27,3.10,1.38,3.15,1.37,3.05,1.40,3.05,1.40,2.95,1.40
25,24:9:5:11:56,3.05,1.38,3.15,1.37,3.05,1.40,3.05,1.40,2.95,1.40
26,24:9:5:12:02,3.05,1.38,2.96,1.42,3.05,1.40,3.05,1.40,2.95,1.40
27,24:9:5:12:38,2.98,1.40,2.96,1.42,3.05,1.40,3.05,1.40,2.95,1.40
28,24:9:5:14:11,2.94,1.41,2.96,1.42,3.05,1.40,3.00,1.41,2.95,1.40
29,24:9:5:14:45,2.98,1.40,2.92,1.43,3.05,1.40,3.00,1.41,2.95,1.40
30,24:9:5:15:01,2.94,1.41,2.92,1.43,3.05,1.40,3.00,1.41,2.95,1.40
31,24:9:5:16:10,3.05,1.40,2.92,1.43,3.05,1.40,3.10,1.39,2.95,1.40
32,24:9:5:16:40,3.05,1.38,2.92,1.43,3.05,1.40,3.10,1.39,2.95,1.40
33,24:9:5:17:39,2.76,1.45,2.85,1.44,2.90,1.43,2.90,1.43,2.85,1.44
34,24:9:5:17:51,2.76,1.45,2.75,1.48,2.90,1.43,2.90,1.43,2.85,1.44
35,24:9:5:18:05,2.72,1.47,2.75,1.48,2.85,1.44,2.90,1.43,2.85,1.44
36,24:9:5:19:57,2.76,1.45,2.75,1.48,2.75,1.48,2.90,1.43,2.70,1.48
37,24:9:5:20:05,2.72,1.47,2.75,1.48,2.75,1.48,2.90,1.43,2.70,1.48
38,24:9:5:21:05,2.76,1.45,2.75,1.48,2.85,1.44,2.90,1.43,2.70,1.48
39,24:9:5:21:12,2.72,1.47,2.75,1.48,2.85,1.44,2.90,1.43,2.70,1.48
40,24:9:5:21:13,2.72,1.47,2.78,1.47,2.85,1.44,2.90,1.43,2.70,1.48
