,Date,Fanduel Odds[was],Fanduel Odds[cin],Cesears Odds[was],Cesears Odds[cin],Bet365 Odds[was],Bet365 Odds[cin],DraftKings Odds[was],DraftKings Odds[cin],BetMGM Odds[was],BetMGM Odds[cin]
0,24:5:15:21:05,N/A,N/A,N/A,N/A,N/A,N/A,N/A,N/A,3.30,1.35
1,24:5:15:22:30,N/A,N/A,N/A,N/A,N/A,N/A,N/A,N/A,3.60,1.31
2,24:5:17:14:35,N/A,N/A,N/A,N/A,N/A,N/A,3.22,1.36,3.60,1.31
3,24:8:19:15:56,N/A,N/A,N/A,N/A,N/A,N/A,3.22,1.36,3.75,1.29
4,24:9:10:14:27,N/A,N/A,N/A,N/A,N/A,N/A,3.22,1.36,2.90,1.43
5,24:9:10:14:37,N/A,N/A,N/A,N/A,N/A,N/A,3.22,1.36,2.95,1.42
6,24:9:10:17:10,N/A,N/A,3.65,1.30,N/A,N/A,3.22,1.36,2.95,1.42
7,24:9:10:17:12,N/A,N/A,3.75,1.29,N/A,N/A,3.22,1.36,3.15,1.38
8,24:9:10:17:22,N/A,N/A,3.85,1.28,N/A,N/A,3.22,1.36,3.35,1.34
9,24:9:10:17:27,N/A,N/A,4.00,1.27,N/A,N/A,3.22,1.36,3.35,1.34
10,24:9:10:17:42,N/A,N/A,4.00,1.27,N/A,N/A,3.22,1.36,3.45,1.33
11,24:9:11:03:07,N/A,N/A,4.00,1.27,3.60,1.31,3.22,1.36,3.45,1.33
12,24:9:11:06:31,N/A,N/A,4.10,1.26,3.60,1.31,3.22,1.36,3.45,1.33
13,24:9:11:07:12,N/A,N/A,3.90,1.27,3.60,1.31,3.22,1.36,3.45,1.33
14,24:9:11:16:00,N/A,N/A,3.90,1.27,3.55,1.32,3.22,1.36,3.45,1.33
15,24:9:13:12:24,N/A,N/A,3.90,1.27,3.55,1.32,3.22,1.36,3.40,1.34
16,24:9:14:10:09,N/A,N/A,3.90,1.27,3.65,1.30,3.22,1.36,3.40,1.34
17,24:9:15:06:29,N/A,N/A,3.90,1.27,3.40,1.33,3.22,1.36,3.40,1.34
18,24:9:15:19:24,4.00,1.27,3.90,1.27,3.40,1.33,3.22,1.36,3.75,1.29
19,24:9:15:19:34,3.75,1.29,3.90,1.27,3.75,1.29,3.22,1.36,3.75,1.29
20,24:9:15:19:44,3.75,1.29,3.90,1.27,3.75,1.29,3.75,1.28,3.75,1.29
21,24:9:15:19:59,3.75,1.29,4.10,1.26,3.90,1.27,3.75,1.28,3.75,1.29
22,24:9:15:20:20,3.75,1.29,4.10,1.26,3.90,1.27,3.85,1.27,3.75,1.29
23,24:9:15:20:24,3.75,1.29,4.10,1.26,3.75,1.29,3.75,1.28,3.75,1.29
24,24:9:15:20:39,4.00,1.27,4.10,1.26,3.80,1.28,3.75,1.28,3.85,1.28
25,24:9:15:20:54,4.00,1.27,4.10,1.26,3.80,1.28,3.85,1.27,3.85,1.28
26,24:9:15:21:09,4.00,1.27,4.15,1.25,3.80,1.28,3.85,1.27,3.85,1.28
27,24:9:16:08:19,4.00,1.27,4.15,1.25,3.80,1.28,3.85,1.27,4.30,1.24
28,24:9:16:08:34,4.10,1.25,4.15,1.25,3.80,1.28,3.85,1.27,4.30,1.24
29,24:9:16:08:45,4.10,1.25,4.15,1.25,3.90,1.27,3.85,1.27,4.30,1.24
30,24:9:16:10:50,4.10,1.25,3.95,1.27,3.90,1.27,3.85,1.27,4.30,1.24
31,24:9:16:11:00,4.10,1.25,3.95,1.27,4.00,1.26,3.85,1.27,4.30,1.24
32,24:9:16:11:30,4.10,1.25,3.95,1.27,4.10,1.26,3.85,1.27,4.30,1.24
33,24:9:16:11:45,4.10,1.25,3.95,1.27,4.10,1.26,4.10,1.25,4.30,1.24
34,24:9:16:15:00,4.10,1.25,3.95,1.27,4.10,1.26,4.10,1.25,4.10,1.25
35,24:9:16:15:55,4.10,1.25,4.40,1.23,4.25,1.24,4.10,1.25,4.10,1.25
36,24:9:16:16:00,4.10,1.25,4.60,1.22,4.25,1.24,4.10,1.25,4.10,1.25
37,24:9:16:16:05,4.10,1.25,4.60,1.22,4.25,1.24,4.20,1.24,4.10,1.25
38,24:9:16:16:12,4.10,1.25,4.60,1.22,4.10,1.26,4.20,1.24,4.10,1.25
39,24:9:16:16:15,4.10,1.25,4.60,1.22,4.10,1.26,4.10,1.25,4.10,1.25
40,24:9:16:19:43,4.00,1.27,4.60,1.22,4.10,1.26,4.10,1.25,4.10,1.25
41,24:9:16:23:00,4.00,1.27,4.30,1.24,4.10,1.26,4.10,1.25,4.10,1.25
42,24:9:17:12:01,4.10,1.25,4.30,1.24,4.10,1.26,4.10,1.25,4.10,1.25
43,24:9:17:12:15,4.10,1.25,4.30,1.24,4.10,1.26,4.00,1.26,4.10,1.25
44,24:9:17:12:45,4.10,1.25,4.30,1.24,3.90,1.27,4.00,1.26,3.95,1.27
45,24:9:17:13:20,4.10,1.25,4.30,1.24,3.90,1.27,3.85,1.27,3.95,1.27
46,24:9:18:00:45,4.10,1.25,4.30,1.24,3.90,1.27,3.85,1.27,3.85,1.28
47,24:9:18:13:07,4.10,1.25,4.30,1.24,3.90,1.27,3.85,1.27,3.95,1.27
48,24:9:18:13:17,4.10,1.25,4.30,1.24,3.90,1.27,3.85,1.27,3.85,1.28
49,24:9:18:13:32,4.10,1.25,4.20,1.25,3.90,1.27,3.85,1.27,3.85,1.28
50,24:9:18:14:17,4.10,1.25,4.20,1.25,3.90,1.27,3.85,1.27,3.80,1.28
51,24:9:18:14:37,3.80,1.27,4.20,1.25,3.90,1.27,3.85,1.27,3.80,1.28
52,24:9:18:15:52,3.80,1.27,4.20,1.25,3.90,1.27,3.85,1.27,3.85,1.28
53,24:9:18:16:32,3.80,1.27,4.40,1.23,3.90,1.27,3.85,1.27,3.85,1.28
54,24:9:18:16:37,3.80,1.27,4.10,1.26,3.90,1.27,3.85,1.27,3.85,1.28
55,24:9:18:16:47,3.80,1.27,4.10,1.26,3.90,1.27,3.85,1.27,3.75,1.29
56,24:9:18:17:07,3.80,1.27,4.10,1.26,3.90,1.27,3.85,1.27,3.80,1.28
57,24:9:18:17:27,3.80,1.27,4.15,1.25,3.90,1.27,3.85,1.27,3.80,1.28
58,24:9:18:18:52,3.80,1.27,4.10,1.26,3.90,1.27,3.85,1.27,3.80,1.28
59,24:9:18:21:22,3.80,1.27,3.95,1.27,3.90,1.27,3.85,1.27,3.80,1.28
60,24:9:19:11:28,3.80,1.27,4.00,1.27,3.90,1.27,3.85,1.27,3.80,1.28
61,24:9:19:13:02,3.80,1.27,4.00,1.27,3.90,1.27,3.85,1.27,3.75,1.29
62,24:9:19:13:24,3.80,1.27,3.85,1.29,3.90,1.27,3.85,1.27,3.75,1.29
63,24:9:19:13:57,3.80,1.27,3.85,1.29,3.90,1.27,3.85,1.27,3.70,1.29
64,24:9:19:14:02,3.80,1.27,3.85,1.29,3.90,1.27,3.85,1.27,3.75,1.29
65,24:9:19:14:12,3.80,1.29,3.85,1.29,3.90,1.27,3.85,1.27,3.75,1.29
66,24:9:19:14:22,3.90,1.27,3.85,1.29,3.90,1.27,3.85,1.27,3.75,1.29
67,24:9:19:14:52,3.90,1.27,3.90,1.28,3.90,1.27,3.85,1.27,3.75,1.29
68,24:9:20:04:17,3.90,1.27,3.90,1.28,3.90,1.27,3.85,1.27,3.70,1.29
69,24:9:20:05:32,3.90,1.27,3.90,1.28,3.90,1.27,3.85,1.27,3.80,1.28
70,24:9:20:06:59,3.90,1.27,3.90,1.28,3.80,1.28,3.85,1.27,3.80,1.28
71,24:9:20:09:02,3.90,1.27,3.95,1.27,3.80,1.28,3.85,1.27,3.80,1.28
72,24:9:20:11:52,3.90,1.27,3.90,1.28,3.80,1.28,3.85,1.27,3.80,1.28
73,24:9:20:15:52,3.90,1.27,4.10,1.26,3.80,1.28,3.85,1.27,3.80,1.28
74,24:9:20:18:02,3.90,1.27,3.90,1.28,3.80,1.28,3.85,1.27,3.80,1.28
75,24:9:20:20:37,3.90,1.27,3.90,1.28,3.80,1.28,3.85,1.27,3.70,1.29
76,24:9:20:20:47,3.90,1.27,3.90,1.28,3.80,1.28,3.78,1.28,3.70,1.29
77,24:9:20:20:57,3.90,1.27,3.90,1.28,3.80,1.28,3.78,1.28,3.60,1.31
78,24:9:21:11:47,3.90,1.27,3.90,1.28,3.80,1.28,3.78,1.28,3.70,1.29
79,24:9:21:11:52,3.90,1.27,3.90,1.28,3.80,1.28,3.85,1.27,3.70,1.29
80,24:9:21:12:42,3.90,1.27,3.90,1.28,3.80,1.28,3.85,1.27,3.75,1.29
81,24:9:21:16:22,3.80,1.29,3.90,1.28,3.80,1.28,3.85,1.27,3.75,1.29
82,24:9:21:18:02,3.80,1.29,3.90,1.28,3.80,1.28,3.85,1.27,3.70,1.29
83,24:9:21:20:42,3.80,1.29,3.90,1.28,3.80,1.28,3.85,1.27,3.60,1.31
84,24:9:22:05:47,3.80,1.29,3.90,1.28,3.75,1.29,3.78,1.28,3.60,1.31
85,24:9:22:09:51,3.80,1.29,3.90,1.28,3.75,1.29,3.78,1.28,3.70,1.29
86,24:9:22:10:58,3.80,1.29,3.90,1.28,3.75,1.29,3.78,1.28,3.60,1.31
87,24:9:22:11:12,3.80,1.29,3.90,1.28,3.75,1.29,3.78,1.28,3.70,1.29
88,24:9:22:17:12,3.80,1.29,3.90,1.28,3.75,1.29,3.78,1.28,3.60,1.31
89,24:9:22:23:42,3.80,1.29,3.90,1.28,3.75,1.29,3.85,1.27,3.60,1.31
90,24:9:23:00:32,3.80,1.29,3.80,1.29,3.75,1.29,3.85,1.27,3.60,1.31
91,24:9:23:07:17,3.80,1.29,3.80,1.29,3.75,1.29,3.85,1.27,3.80,1.28
92,24:9:23:07:37,3.80,1.29,3.95,1.27,3.75,1.29,3.85,1.27,3.80,1.28
93,24:9:23:09:21,3.80,1.29,3.95,1.27,3.80,1.28,3.85,1.27,3.80,1.28
94,24:9:23:11:01,3.80,1.29,3.90,1.28,3.80,1.28,3.85,1.27,3.80,1.28
95,24:9:23:12:26,3.80,1.29,3.90,1.28,3.80,1.28,4.00,1.26,3.80,1.28
96,24:9:23:12:36,3.80,1.29,3.90,1.28,3.80,1.28,4.00,1.26,3.75,1.29
97,24:9:23:13:41,3.80,1.29,3.85,1.28,3.80,1.28,4.00,1.26,3.75,1.29
98,24:9:23:13:52,3.80,1.29,3.85,1.29,3.80,1.28,4.00,1.26,3.75,1.29
99,24:9:23:15:11,3.80,1.29,3.90,1.28,3.80,1.28,4.00,1.26,3.70,1.29
100,24:9:23:15:26,3.80,1.29,3.85,1.29,3.80,1.28,4.00,1.26,3.70,1.29
